1	2
1	3
1	4
1	5
2	3
2	4
2	5
2	12
2	13
2	15
2	25
2	26
2	37
2	38
2	51
2	55
2	56
2	57
2	58
2	62
2	82
2	86
2	87
2	89
2	95
2	96
2	97
2	98
2	99
2	103
2	104
2	108
2	110
2	112
2	113
2	114
2	115
2	117
2	118
2	121
2	130
2	131
2	132
2	134
2	135
2	138
2	140
2	144
2	146
2	147
2	148
2	150
2	152
2	154
2	159
2	166
2	179
2	182
2	183
2	184
2	185
2	190
2	192
2	193
2	194
2	195
2	198
2	199
2	200
2	201
2	202
2	203
2	205
2	206
2	207
2	233
2	235
2	237
2	238
2	243
2	244
2	245
2	246
2	249
2	251
2	253
2	258
2	264
2	267
2	268
2	269
2	270
2	275
2	278
2	279
2	287
2	288
2	298
2	301
2	302
2	311
2	312
2	315
2	327
2	328
2	341
2	344
2	349
2	356
2	369
2	370
2	386
2	393
2	397
2	398
2	399
2	400
2	401
2	402
2	404
2	411
2	412
2	416
2	428
2	429
2	435
3	4
3	5
4	5
4	12
4	13
4	15
4	26
4	37
4	38
4	51
4	57
4	58
4	72
4	82
4	86
4	87
4	97
4	108
4	109
4	115
4	118
4	120
4	121
4	130
4	131
4	140
4	154
4	166
4	184
4	185
4	264
4	267
4	278
4	298
4	306
4	348
4	349
5	7
5	9
5	12
5	13
5	15
5	38
5	47
5	49
5	51
5	55
5	56
5	57
5	58
5	59
5	60
5	65
5	79
5	80
5	82
5	85
5	86
5	87
5	89
5	97
5	98
5	99
5	103
5	104
5	105
5	106
5	107
5	108
5	109
5	111
5	112
5	113
5	114
5	117
5	120
5	123
5	125
5	131
5	132
5	133
5	135
5	136
5	138
5	140
5	148
5	153
5	160
5	164
5	179
5	183
5	184
5	189
5	190
5	193
5	203
5	208
5	209
5	210
5	243
5	247
5	250
5	251
5	252
5	253
5	254
5	268
5	269
5	270
5	275
5	283
5	284
5	285
5	286
5	290
5	301
5	304
5	305
5	309
5	311
5	312
5	315
5	324
5	325
5	327
5	328
5	329
5	341
5	344
5	348
5	356
5	390
5	391
5	392
5	397
5	398
5	399
5	400
5	401
5	402
5	404
5	434
6	7
6	8
6	9
7	8
7	9
7	10
7	11
7	12
7	15
7	17
7	18
7	20
7	21
7	23
7	24
7	37
7	39
7	40
7	41
7	42
7	43
7	44
7	46
7	48
7	51
7	52
7	56
7	57
7	58
7	61
7	62
7	64
7	65
7	70
7	73
7	74
7	78
7	81
7	82
7	88
7	89
7	92
7	120
7	125
7	126
7	127
7	133
7	134
7	144
7	164
7	168
7	250
7	255
7	261
7	262
7	271
7	273
7	279
7	290
7	297
7	299
7	301
7	308
7	310
7	339
7	344
7	345
7	349
7	373
7	374
7	377
7	379
7	408
7	409
7	449
7	450
8	9
8	15
8	37
9	10
9	11
9	12
9	15
9	17
9	18
9	20
9	21
9	23
9	24
9	37
9	39
9	40
9	41
9	42
9	43
9	44
9	46
9	48
9	51
9	52
9	56
9	57
9	58
9	61
9	62
9	64
9	65
9	70
9	73
9	74
9	78
9	81
9	82
9	88
9	89
9	92
9	120
9	125
9	126
9	127
9	133
9	134
9	144
9	164
9	168
9	250
9	255
9	261
9	262
9	271
9	273
9	279
9	290
9	297
9	299
9	301
9	308
9	310
9	339
9	344
9	345
9	349
9	373
9	374
9	377
9	379
9	408
9	409
9	449
9	450
10	11
10	15
10	30
11	12
11	13
11	14
12	13
12	14
12	15
12	18
12	21
12	24
12	26
12	29
12	32
12	33
12	34
12	35
12	37
12	38
12	40
12	42
12	44
12	56
12	60
12	65
12	78
12	82
12	83
12	84
12	85
12	86
12	87
12	88
12	89
12	90
12	94
12	97
12	327
12	328
12	337
12	343
12	344
12	345
12	371
12	372
12	378
12	407
12	417
12	419
12	420
12	421
12	445
12	446
12	448
12	449
12	450
13	14
13	15
13	18
13	21
13	24
13	29
13	32
13	33
13	34
13	35
13	38
13	40
13	42
13	44
13	60
13	78
13	82
13	84
13	86
13	87
13	88
13	89
13	90
13	94
13	344
13	345
13	371
13	372
13	378
13	407
13	417
14	25
14	27
14	31
15	16
15	17
15	19
15	20
15	22
15	23
15	25
15	27
15	28
15	30
15	31
15	36
15	37
15	38
15	39
15	41
15	42
15	43
15	47
15	48
15	49
15	50
15	51
15	52
15	54
15	55
15	56
15	57
15	58
15	59
15	60
15	64
15	65
15	66
15	69
15	71
15	72
15	73
15	74
15	76
15	77
15	78
15	79
15	80
15	81
15	82
15	86
15	87
15	88
15	89
15	90
15	91
15	92
15	94
15	97
15	103
15	104
15	105
15	107
15	108
15	109
15	110
15	114
15	119
15	120
15	121
15	122
15	123
15	124
15	125
15	126
15	128
15	129
15	130
15	131
15	134
15	135
15	136
15	138
15	139
15	140
15	141
15	143
15	144
15	145
15	146
15	147
15	149
15	150
15	151
15	153
15	154
15	155
15	156
15	157
15	158
15	159
15	162
15	163
15	166
15	173
15	174
15	175
15	176
15	177
15	178
15	179
15	180
15	183
15	186
15	187
15	188
15	189
15	190
15	191
15	192
15	193
15	196
15	197
15	201
15	202
15	203
15	204
15	210
15	211
15	226
15	235
15	239
15	240
15	245
15	246
15	247
15	248
15	250
15	251
15	252
15	259
15	267
15	271
15	273
15	276
15	277
15	283
15	284
15	285
15	286
15	287
15	290
15	293
15	300
15	302
15	309
15	310
15	312
15	318
15	319
15	320
15	323
15	324
15	325
15	329
15	330
15	331
15	332
15	333
15	334
15	335
15	338
15	339
15	346
15	347
15	348
15	349
15	350
15	356
15	359
15	360
15	361
15	362
15	363
15	364
15	365
15	366
15	367
15	368
15	370
15	371
15	372
15	373
15	378
15	379
15	380
15	387
15	389
15	390
15	391
15	392
15	394
15	400
15	401
15	402
15	403
15	409
15	414
15	415
15	423
15	424
15	425
15	426
15	427
15	430
15	431
15	432
15	433
15	436
15	437
15	438
15	439
15	440
15	441
15	442
15	443
15	444
15	447
15	448
15	449
15	452
15	453
16	17
16	25
16	27
16	34
17	18
18	35
19	20
19	25
19	27
19	32
20	21
21	33
22	23
22	25
22	27
22	33
23	24
24	34
25	26
25	27
25	28
25	29
25	30
25	31
25	32
25	33
25	34
25	35
25	36
25	38
25	56
25	65
25	72
25	76
25	77
25	144
25	299
25	327
25	337
25	338
25	412
25	418
25	419
25	446
25	447
26	27
26	28
26	37
26	38
26	56
26	60
26	419
26	420
26	421
27	28
27	29
27	30
27	31
27	32
27	33
27	34
27	35
27	36
27	56
27	65
27	72
27	76
27	77
27	144
27	299
27	327
27	337
27	338
27	418
27	419
27	446
27	447
28	43
29	30
29	44
31	39
32	40
35	36
36	41
36	56
36	327
37	38
38	51
38	57
38	66
38	82
38	86
38	99
38	100
38	101
38	102
38	109
38	112
38	115
38	116
38	130
38	131
38	144
38	148
38	154
38	159
38	161
38	164
38	165
38	166
38	167
38	170
38	171
38	172
38	179
38	184
38	185
38	195
38	202
38	210
38	235
38	246
38	273
38	274
38	275
38	296
38	307
38	308
38	323
38	324
38	349
38	351
38	352
38	356
38	394
38	395
38	396
38	401
38	412
38	416
38	439
39	40
41	42
42	94
43	44
45	46
45	54
45	55
45	56
46	47
46	48
46	49
47	48
47	49
47	51
47	52
47	56
47	58
47	61
47	62
47	64
47	65
47	66
47	81
47	82
47	92
47	94
47	95
47	113
47	114
47	120
47	125
47	126
47	127
47	132
47	133
47	134
47	144
47	154
47	173
47	174
47	175
47	176
47	177
47	178
47	189
47	241
47	242
47	248
47	249
47	266
47	276
47	277
47	278
47	291
47	292
47	299
47	315
47	319
47	321
47	322
47	408
47	409
47	418
47	421
47	434
47	438
47	443
48	49
48	50
49	51
49	52
49	56
49	58
49	61
49	62
49	64
49	65
49	66
49	81
49	82
49	92
49	94
49	95
49	113
49	114
49	120
49	125
49	126
49	127
49	132
49	133
49	134
49	144
49	154
49	173
49	174
49	175
49	176
49	177
49	178
49	189
49	241
49	242
49	248
49	249
49	266
49	276
49	277
49	278
49	291
49	292
49	299
49	315
49	319
49	321
49	322
49	408
49	409
49	418
49	421
49	434
49	438
49	443
50	51
50	52
50	53
51	52
51	53
51	55
51	56
51	57
51	58
51	59
51	61
51	63
51	64
51	70
51	74
51	75
51	87
51	89
51	97
51	112
51	113
51	114
51	117
51	123
51	125
51	130
51	131
51	141
51	142
51	148
51	154
51	160
51	161
51	166
51	169
51	183
51	190
51	268
51	269
51	270
51	275
51	311
51	313
51	314
51	315
51	318
51	323
51	349
51	371
51	375
51	376
51	400
51	401
51	402
51	410
51	439
51	440
52	53
52	56
52	57
52	58
52	59
52	61
52	63
52	64
52	70
52	74
52	75
52	83
52	89
52	92
52	93
52	123
52	125
52	131
52	141
52	142
52	169
52	255
52	256
52	257
52	371
52	375
52	376
52	410
53	55
53	142
53	342
54	55
54	56
54	58
54	134
54	136
54	190
54	332
55	56
55	57
55	58
55	60
55	75
55	78
55	89
55	93
55	97
55	104
55	138
55	142
55	160
55	161
55	170
55	186
55	187
55	190
55	191
55	211
55	212
55	213
55	251
55	297
55	342
55	353
55	371
55	407
55	408
55	410
56	57
56	58
56	60
56	63
56	66
56	67
56	70
56	83
56	92
56	93
56	97
56	98
56	99
56	104
56	123
56	141
56	162
56	163
56	168
56	172
56	173
56	183
56	233
56	266
56	277
56	307
56	327
56	342
56	343
56	344
56	371
56	374
56	375
56	377
56	381
56	397
56	398
56	405
56	406
56	407
56	408
56	421
56	436
56	437
56	444
56	445
56	450
57	58
57	97
57	130
57	131
57	148
57	154
57	160
57	161
57	166
57	183
57	275
57	349
57	400
57	401
57	402
58	60
58	72
58	82
58	97
58	105
58	108
58	114
58	119
58	120
58	130
58	131
58	134
58	136
58	139
58	141
58	148
58	154
58	160
58	161
58	183
58	186
58	187
58	188
58	189
58	190
58	191
58	192
58	193
58	196
58	197
58	201
58	202
58	203
58	204
58	267
58	275
58	313
58	314
58	316
58	317
58	332
58	333
58	336
58	368
58	436
58	437
58	444
59	60
59	61
60	114
60	138
60	139
60	142
60	163
60	164
60	165
60	190
60	191
60	297
60	331
60	332
60	417
60	421
61	62
62	97
62	279
62	300
62	301
63	64
64	65
65	72
65	78
65	85
65	86
65	87
65	92
66	67
66	68
66	70
66	78
66	103
66	128
66	129
66	138
66	165
66	173
66	174
66	175
66	176
66	177
66	178
66	258
66	259
66	260
66	290
66	414
66	415
66	422
66	439
67	68
67	70
68	69
69	71
69	72
70	168
70	169
71	72
72	88
72	122
72	131
72	185
72	348
72	396
72	399
73	74
73	77
74	75
75	78
76	77
78	88
78	92
78	138
78	142
78	259
78	290
79	80
81	82
81	136
81	137
81	138
81	262
82	86
82	87
82	119
82	190
82	191
82	368
82	370
82	417
83	84
83	85
83	93
84	85
84	337
84	343
84	407
84	445
84	446
85	86
85	87
85	340
86	87
86	97
86	120
86	131
86	154
86	219
86	226
86	227
86	228
86	229
86	230
86	231
86	348
86	394
87	97
87	120
87	131
87	153
87	318
87	323
87	348
88	89
89	90
89	97
89	104
89	131
90	91
91	92
93	342
93	343
93	371
93	407
93	445
94	95
95	96
95	97
96	97
96	98
97	98
97	99
97	103
97	104
97	108
97	110
97	112
97	113
97	114
97	117
97	131
97	132
97	134
97	135
97	138
97	144
97	146
97	147
97	148
97	150
97	152
97	154
97	182
97	183
97	190
97	192
97	193
97	194
97	195
97	198
97	199
97	200
97	201
97	202
97	203
97	205
97	206
97	207
97	233
97	235
97	237
97	238
97	243
97	244
97	245
97	246
97	249
97	251
97	253
97	258
97	264
97	267
97	268
97	269
97	270
97	275
97	278
97	279
97	287
97	288
97	298
97	301
97	302
97	306
97	311
97	312
97	315
97	327
97	328
97	341
97	344
97	369
97	370
97	386
97	393
97	397
97	398
97	399
97	400
97	401
97	402
97	404
97	411
97	412
97	416
97	428
97	429
97	435
98	99
99	100
99	101
99	294
99	295
100	101
103	104
103	259
103	422
103	451
104	341
104	344
105	106
105	107
105	108
105	110
106	107
106	108
106	109
106	189
106	193
107	110
108	109
108	110
108	111
108	180
108	331
109	110
109	111
109	166
110	210
110	264
110	329
111	210
111	329
112	113
112	115
112	116
113	114
113	139
113	202
113	244
114	117
114	138
114	139
114	268
114	316
114	317
114	331
114	356
114	396
114	402
114	403
114	404
114	413
115	116
115	118
118	325
118	326
120	131
120	154
120	348
120	349
120	403
122	123
122	124
122	185
123	124
123	125
123	183
123	184
123	381
125	126
125	315
126	127
127	355
128	129
130	131
131	132
131	183
131	184
131	185
131	309
131	348
131	398
131	399
132	133
133	134
134	135
135	136
136	138
137	138
138	139
138	142
138	259
138	311
138	312
138	401
138	404
138	414
138	415
139	202
139	244
139	316
139	317
141	142
141	444
142	297
142	342
142	371
142	410
143	144
143	145
144	145
144	146
144	148
144	182
144	296
144	299
144	352
144	391
145	146
146	426
146	427
147	148
147	149
147	150
147	151
147	182
147	214
147	215
148	195
148	214
148	215
148	275
148	296
148	351
148	352
149	150
149	151
149	235
149	245
150	151
150	152
150	201
151	191
151	235
151	245
151	386
151	387
151	388
151	389
153	154
154	166
154	210
154	349
155	156
155	157
155	158
155	159
156	157
158	159
159	416
160	161
160	168
160	170
160	254
161	166
161	167
162	163
162	167
163	164
163	165
164	165
164	250
164	263
164	264
164	265
164	267
164	273
164	275
164	279
164	288
164	289
164	298
164	299
164	301
164	303
164	304
164	305
165	439
166	167
166	210
166	264
166	307
166	308
166	395
166	396
166	401
170	171
170	172
171	172
172	173
173	174
174	175
174	179
174	180
175	176
175	179
175	180
176	177
176	179
176	180
177	178
177	179
177	180
178	179
178	180
178	181
179	180
179	181
179	356
180	181
180	331
182	192
182	352
182	391
183	184
183	309
184	185
186	187
187	190
187	191
188	189
189	193
189	203
189	209
189	443
190	191
190	311
190	332
190	417
191	387
191	389
191	417
192	193
193	233
194	195
195	352
196	197
198	199
198	200
201	202
202	203
202	244
202	245
202	246
203	204
203	209
205	206
205	207
208	209
208	210
209	210
209	243
209	434
210	329
211	212
211	213
211	312
211	359
212	213
212	353
213	353
214	215
214	216
214	217
214	218
214	219
214	220
214	221
214	222
214	223
214	224
214	225
214	236
215	232
215	233
215	234
216	217
216	218
216	236
217	218
217	225
217	236
219	220
219	221
219	226
219	231
220	221
220	222
220	223
220	224
220	225
221	222
222	223
223	224
224	225
225	236
226	227
226	228
226	229
226	230
226	231
226	293
227	228
227	232
227	234
227	235
228	229
229	230
230	231
232	233
232	234
232	235
233	234
233	235
233	307
234	235
235	245
235	273
235	274
235	275
235	279
235	280
235	281
235	285
235	387
235	441
235	442
237	238
237	244
239	240
240	241
241	242
243	244
243	434
243	435
245	246
245	387
245	441
245	442
247	248
247	252
248	249
249	253
250	251
250	252
250	261
250	263
250	265
250	267
251	252
251	253
251	254
251	300
253	254
255	256
255	257
255	261
256	257
258	259
258	260
258	393
259	260
259	290
259	312
259	330
259	414
259	415
259	422
263	264
263	265
263	267
264	265
264	266
265	266
265	267
266	277
267	278
267	298
267	368
268	269
268	396
268	402
268	403
268	404
269	270
271	272
271	273
273	274
273	275
273	279
273	280
273	281
273	285
273	288
273	289
274	275
276	277
276	278
278	283
278	302
278	306
279	285
279	297
280	281
281	282
283	284
285	286
287	288
287	302
287	350
288	289
290	390
291	292
291	293
294	295
298	299
298	303
301	304
301	305
302	350
304	305
307	308
308	310
309	310
311	312
312	330
312	359
313	314
316	317
318	319
318	320
319	320
319	321
321	322
323	324
324	325
325	326
327	328
331	332
331	356
331	413
333	334
333	336
334	335
337	338
337	343
338	339
339	345
340	341
341	344
342	343
344	345
344	450
346	347
349	452
349	453
351	352
352	391
354	355
356	413
357	358
357	359
360	361
360	362
361	362
363	364
363	365
363	366
363	367
364	365
366	367
368	370
369	370
371	372
371	378
371	409
371	410
371	445
372	373
373	374
374	375
375	376
375	377
377	379
378	380
379	380
381	382
381	383
381	384
382	383
382	384
382	385
383	384
383	385
384	385
386	387
386	388
386	389
386	416
387	388
387	389
388	389
391	392
395	396
396	399
396	403
397	398
397	400
398	399
400	402
401	404
402	404
405	406
408	409
411	412
414	415
418	419
418	421
419	420
423	424
423	425
423	426
424	425
424	426
424	427
425	426
425	427
426	427
428	429
428	435
430	431
430	432
431	432
431	433
432	433
434	438
436	437
436	438
439	440
441	442
443	444
445	446
446	447
447	448
448	449
449	450
452	453