0	1
0	2
0	3
0	4
0	5
0	6
0	7
0	8
0	9
0	10
0	11
0	12
0	13
0	14
0	15
0	16
0	17
0	18
0	19
0	20
0	21
0	22
0	23
0	24
0	25
0	26
0	27
0	28
0	29
0	30
1	17
1	31
1	12
1	15
1	9
1	23
1	32
1	33
1	21
1	0
1	34
1	2
1	8
1	19
1	35
1	6
1	5
1	7
1	36
1	10
1	3
1	37
1	18
2	38
2	20
2	39
2	12
2	1
2	0
2	6
2	7
2	33
2	27
2	22
2	40
2	41
2	42
2	8
2	10
2	3
2	17
2	18
2	43
2	15
2	44
2	45
2	5
2	19
2	26
2	21
2	46
2	47
2	48
2	49
2	11
2	50
2	51
2	52
2	53
2	54
2	55
3	56
3	57
3	58
3	0
3	59
3	45
3	60
3	2
3	61
3	62
3	63
3	64
3	65
3	66
3	10
3	67
3	68
3	69
3	70
3	1
3	21
3	71
4	0
4	5
4	72
4	73
4	12
4	74
4	75
4	76
4	77
4	78
5	0
5	4
5	1
5	6
5	27
5	12
5	33
5	79
5	80
5	15
5	17
5	81
5	26
5	82
5	7
5	2
5	83
5	84
5	85
5	86
5	21
6	5
6	0
6	87
6	2
6	88
6	21
6	18
6	89
6	15
6	90
6	91
6	1
6	92
6	93
6	27
6	12
6	94
6	95
6	96
6	97
6	98
6	99
6	9
6	75
6	14
6	8
7	100
7	2
7	21
7	5
7	101
7	27
7	1
7	0
8	2
8	21
8	102
8	12
8	103
8	40
8	23
8	1
8	0
8	20
8	104
8	15
8	105
8	106
8	9
8	29
8	6
9	0
9	107
9	1
9	6
9	108
9	8
9	33
9	109
9	110
9	111
9	15
9	112
9	23
9	69
9	113
9	114
9	115
9	29
9	116
9	117
9	118
9	119
9	120
9	121
9	122
9	123
9	124
9	125
9	126
9	127
9	128
9	129
10	0
10	130
10	72
10	44
10	131
10	2
10	132
10	133
10	134
10	21
10	135
10	19
10	18
10	17
10	136
10	3
10	137
10	26
10	1
10	24
11	138
11	139
11	0
11	140
11	141
11	83
11	142
11	143
11	144
11	145
11	2
11	146
11	147
11	148
11	149
11	150
11	151
11	152
12	8
12	1
12	153
12	0
12	154
12	5
12	155
12	2
12	23
12	156
12	27
12	21
12	157
12	15
12	17
12	158
12	13
12	68
12	44
12	105
12	75
12	6
12	152
12	4
12	159
13	0
13	12
13	14
13	160
13	161
13	162
13	163
13	122
13	32
13	23
13	164
13	165
13	33
13	166
13	123
13	167
13	109
13	168
13	169
13	170
13	171
13	172
13	173
13	79
13	135
13	111
13	174
13	175
13	106
13	176
13	177
13	178
13	15
13	179
13	180
13	181
14	75
14	182
14	183
14	184
14	185
14	186
14	123
14	32
14	187
14	188
14	189
14	167
14	13
14	33
14	0
14	190
14	92
14	22
14	6
15	191
15	0
15	1
15	6
15	5
15	2
15	8
15	12
15	107
15	23
15	9
15	192
15	122
15	193
15	194
15	33
15	195
15	196
15	197
15	198
15	29
15	126
15	199
15	76
15	104
15	200
15	201
15	202
15	203
15	204
15	205
15	206
15	207
15	208
15	209
15	32
15	210
15	211
15	212
15	213
15	214
15	215
15	55
15	216
15	13
15	217
15	218
15	219
15	128
15	220
15	221
16	0
16	114
16	23
16	33
16	222
16	223
16	224
17	24
17	38
17	25
17	225
17	22
17	1
17	37
17	0
17	226
17	20
17	2
17	10
17	5
17	26
17	12
17	18
17	21
17	227
18	228
18	229
18	37
18	230
18	19
18	26
18	6
18	69
18	0
18	136
18	10
18	231
18	185
18	119
18	81
18	232
18	233
18	234
18	17
18	235
18	1
18	236
18	237
18	2
18	238
18	239
18	40
18	85
19	232
19	0
19	227
19	80
19	49
19	240
19	40
19	241
19	10
19	105
19	242
19	42
19	243
19	18
19	2
19	1
19	21
20	244
20	8
20	245
20	39
20	24
20	45
20	40
20	2
20	53
20	246
20	247
20	46
20	248
20	17
20	249
20	250
20	222
20	251
20	252
20	0
20	22
20	49
20	253
20	104
20	254
20	209
20	213
20	205
20	54
20	156
20	255
20	106
20	90
20	238
20	256
20	257
20	258
20	58
20	259
20	38
20	102
20	103
20	260
21	5
21	2
21	26
21	0
21	1
21	17
21	8
21	12
21	3
21	37
21	6
21	7
21	31
21	10
21	19
22	2
22	261
22	17
22	262
22	239
22	263
22	37
22	264
22	265
22	226
22	53
22	181
22	133
22	134
22	24
22	42
22	245
22	44
22	0
22	266
22	267
22	38
22	142
22	268
22	269
22	270
22	20
22	271
22	45
22	43
22	41
22	272
22	79
22	195
22	254
22	273
22	274
22	275
22	49
22	276
22	277
22	278
22	96
22	279
22	202
22	229
22	280
22	14
22	281
22	282
22	283
23	107
23	8
23	284
23	12
23	1
23	0
23	108
23	285
23	16
23	181
23	9
23	33
23	175
23	286
23	287
23	262
23	288
23	114
23	289
23	166
23	13
23	69
23	15
23	290
23	118
23	291
23	123
23	57
23	29
23	167
23	32
23	115
23	292
23	293
23	173
23	294
23	109
23	119
23	120
23	295
23	296
23	111
24	17
24	25
24	226
24	20
24	22
24	38
24	10
24	0
24	286
24	264
24	297
24	298
24	299
24	300
24	61
24	301
24	125
24	59
24	302
24	237
25	17
25	24
25	0
26	94
26	18
26	237
26	303
26	234
26	69
26	185
26	231
26	229
26	2
26	17
26	10
26	37
26	0
26	304
26	85
26	5
26	274
26	21
26	305
26	306
27	5
27	33
27	2
27	232
27	181
27	12
27	6
27	7
27	307
27	308
27	0
27	279
28	309
28	310
28	311
28	312
28	313
28	146
28	314
28	315
28	0
29	0
29	8
29	316
29	317
29	318
29	319
29	320
29	321
29	322
29	323
29	48
29	324
29	15
29	325
29	177
29	23
29	9
29	33
29	195
29	326
29	327
29	217
29	199
29	210
29	193
29	200
30	328
30	44
30	329
30	258
30	250
30	103
30	330
30	201
30	156
30	331
30	332
30	333
30	53
30	334
30	335
30	244
30	336
30	337
30	338
30	339
30	240
30	0
31	21
31	340
31	1
32	14
32	1
32	13
32	33
32	23
32	15
32	119
32	168
33	307
33	2
33	5
33	107
33	27
33	1
33	14
33	341
33	15
33	9
33	23
33	342
33	32
33	29
33	13
33	181
33	54
33	69
33	16
34	1
35	1
36	1
37	18
37	343
37	344
37	50
37	17
37	269
37	236
37	230
37	232
37	345
37	346
37	274
37	22
37	347
37	240
37	253
37	26
37	348
37	349
37	350
37	21
37	351
37	1
37	329
37	352
38	20
38	353
38	45
38	24
38	226
38	51
38	104
38	17
38	249
38	312
38	41
38	244
38	239
38	245
38	42
38	2
38	354
38	22
38	355
38	356
38	313
38	331
38	357
38	106
38	40
38	44
38	264
38	49
39	358
39	53
39	54
39	335
39	20
39	267
39	353
39	292
39	359
39	45
39	360
39	55
39	361
39	362
39	363
39	48
39	2
39	46
39	41
39	364
39	354
39	104
39	156
39	57
39	202
39	365
39	366
40	353
40	352
40	20
40	86
40	367
40	244
40	261
40	259
40	357
40	8
40	133
40	269
40	53
40	368
40	249
40	369
40	370
40	209
40	193
40	49
40	2
40	371
40	134
40	245
40	331
40	102
40	19
40	50
40	372
40	61
40	47
40	45
40	373
40	105
40	93
40	374
40	237
40	375
40	376
40	333
40	246
40	377
40	378
40	354
40	18
40	46
40	38
40	190
40	234
41	302
41	379
41	380
41	104
41	381
41	371
41	270
41	2
41	382
41	383
41	384
41	385
41	386
41	355
41	387
41	38
41	388
41	49
41	389
41	390
41	313
41	391
41	103
41	244
41	332
41	392
41	331
41	43
41	393
41	377
41	394
41	395
41	39
41	396
41	336
41	354
41	397
41	353
41	44
41	133
41	334
41	156
41	398
41	399
41	337
41	400
41	83
41	401
41	22
41	402
41	403
42	2
42	268
42	45
42	404
42	19
42	281
42	38
42	22
42	229
42	239
43	340
43	405
43	406
43	407
43	331
43	408
43	409
43	385
43	41
43	410
43	411
43	2
43	134
43	51
43	382
43	412
43	22
43	413
44	10
44	414
44	398
44	72
44	30
44	332
44	415
44	354
44	416
44	417
44	38
44	250
44	2
44	418
44	22
44	226
44	41
44	419
44	420
44	12
44	49
44	421
44	53
44	190
44	422
44	361
44	423
44	348
44	424
44	132
44	258
45	3
45	58
45	398
45	42
45	20
45	71
45	61
45	39
45	57
45	38
45	2
45	425
45	353
45	63
45	56
45	372
45	70
45	413
45	40
45	68
45	80
45	65
45	426
45	281
45	427
45	428
45	67
45	22
45	350
45	240
45	429
45	245
45	430
45	51
45	431
45	47
46	432
46	20
46	39
46	336
46	2
46	40
46	103
47	295
47	40
47	2
47	331
47	433
47	366
47	45
48	53
48	75
48	184
48	268
48	343
48	2
48	240
48	91
48	302
48	39
48	327
48	205
48	434
48	54
48	292
48	435
48	104
48	115
48	389
48	436
48	127
48	360
48	78
48	200
48	273
48	316
48	320
48	326
48	29
48	437
48	438
48	212
48	201
48	439
48	324
48	321
48	440
48	55
48	441
48	362
49	258
49	367
49	51
49	227
49	19
49	80
49	240
49	353
49	442
49	443
49	190
49	244
49	41
49	323
49	366
49	337
49	20
49	270
49	40
49	2
49	38
49	313
49	44
49	403
49	332
49	22
50	37
50	444
50	445
50	104
50	55
50	446
50	353
50	352
50	53
50	447
50	448
50	367
50	40
50	277
50	365
50	2
50	449
50	337
50	256
50	450
50	339
50	268
51	38
51	451
51	452
51	227
51	240
51	80
51	350
51	268
51	181
51	127
51	49
51	453
51	332
51	132
51	364
51	339
51	253
51	43
51	454
51	455
51	145
51	456
51	361
51	366
51	457
51	156
51	334
51	247
51	134
51	45
51	2
51	315
51	458
51	401
51	286
51	459
51	412
51	460
52	71
52	2
53	186
53	123
53	86
53	182
53	39
53	353
53	188
53	267
53	453
53	345
53	20
53	75
53	48
53	40
53	328
53	330
53	184
53	461
53	22
53	50
53	377
53	462
53	332
53	463
53	315
53	464
53	30
53	2
53	190
53	465
53	466
53	44
54	39
54	2
54	20
54	467
54	359
54	33
54	104
54	258
54	316
54	48
54	468
54	323
54	200
54	55
54	127
55	50
55	469
55	334
55	250
55	391
55	331
55	39
55	470
55	2
55	359
55	363
55	326
55	471
55	288
55	206
55	201
55	195
55	472
55	211
55	212
55	389
55	54
55	292
55	48
55	200
55	127
55	15
55	193
55	436
55	104
55	132
55	473
55	209
55	76
55	213
56	61
56	3
56	57
56	474
56	64
56	475
56	476
56	477
56	478
56	479
56	58
56	45
56	281
56	68
56	425
56	71
56	480
56	63
56	65
56	372
56	481
56	482
56	483
56	484
56	419
56	485
56	230
56	486
57	56
57	3
57	71
57	45
57	58
57	63
57	65
57	68
57	487
57	61
57	425
57	281
57	372
57	191
57	285
57	39
57	350
57	392
57	488
57	66
57	489
57	490
57	254
57	438
57	491
57	492
57	23
57	205
57	493
57	123
57	106
57	494
57	111
58	45
58	63
58	65
58	70
58	68
58	281
58	56
58	61
58	425
58	71
58	57
58	429
58	495
58	496
58	3
58	497
58	255
58	20
58	498
59	484
59	24
59	3
60	469
60	63
60	3
60	243
60	499
60	67
60	131
60	500
60	484
60	501
61	56
61	502
61	62
61	45
61	57
61	63
61	503
61	58
61	3
61	372
61	340
61	504
61	370
61	139
61	184
61	144
61	266
61	149
61	202
61	71
61	70
61	40
61	65
61	24
61	475
61	66
62	426
62	3
62	61
62	505
62	506
62	507
62	149
62	70
62	508
62	475
63	484
63	61
63	64
63	58
63	67
63	45
63	89
63	60
63	505
63	281
63	3
63	509
63	68
63	56
63	71
63	57
63	482
64	56
64	63
64	482
64	67
64	484
64	281
64	509
64	429
64	89
64	476
64	474
64	3
64	510
64	511
64	512
64	475
64	480
64	513
65	315
65	514
65	367
65	3
65	68
65	70
65	281
65	56
65	61
65	425
65	71
65	58
65	57
65	45
66	429
66	515
66	484
66	285
66	3
66	281
66	61
66	237
66	57
66	489
66	490
66	516
66	517
66	518
67	469
67	499
67	484
67	64
67	509
67	429
67	89
67	63
67	281
67	519
67	60
67	510
67	45
67	68
67	3
67	372
68	443
68	505
68	58
68	12
68	520
68	521
68	522
68	523
68	524
68	63
68	65
68	45
68	56
68	425
68	71
68	57
68	67
68	3
68	525
68	526
68	431
68	508
68	89
68	527
68	361
68	465
68	348
68	218
68	528
68	499
69	529
69	18
69	3
69	232
69	26
69	107
69	238
69	443
69	329
69	81
69	530
69	116
69	279
69	23
69	9
69	168
69	354
69	181
69	491
69	531
69	494
69	169
69	33
70	507
70	45
70	62
70	232
70	58
70	3
70	426
70	65
70	428
70	133
70	61
70	532
70	510
71	533
71	52
71	57
71	58
71	45
71	425
71	534
71	535
71	61
71	536
71	3
71	368
71	506
71	284
71	537
71	68
71	499
71	538
71	510
71	539
71	281
71	56
71	338
71	454
71	352
71	395
71	540
71	65
71	372
71	541
71	267
71	350
71	139
71	422
71	63
71	509
71	355
72	44
72	419
72	10
72	375
72	542
72	132
72	4
72	543
72	466
72	269
72	446
72	527
72	259
72	544
72	545
72	88
72	377
72	412
72	421
72	546
72	547
73	232
73	133
73	253
73	4
73	548
73	465
73	503
73	549
73	286
73	550
73	551
73	193
73	205
73	195
73	127
73	504
73	552
73	185
73	100
73	553
73	554
74	555
74	556
74	353
74	557
74	151
74	558
74	467
74	559
74	4
74	266
74	147
74	560
75	182
75	14
75	186
75	184
75	552
75	83
75	561
75	188
75	395
75	266
75	146
75	116
75	104
75	315
75	53
75	268
75	48
75	562
75	563
75	564
75	565
75	189
75	566
75	567
75	466
75	149
75	465
75	461
75	232
75	185
75	568
75	123
75	340
75	569
75	79
75	118
75	570
75	4
75	571
75	12
75	572
75	6
75	351
76	419
76	146
76	4
76	573
76	15
76	322
76	55
76	195
77	332
77	182
77	112
77	180
77	175
77	161
77	196
77	4
77	160
77	574
77	119
77	120
78	575
78	127
78	48
78	132
78	135
78	321
78	200
78	4
78	335
78	104
78	399
78	576
79	183
79	577
79	268
79	5
79	578
79	579
79	75
79	580
79	581
79	22
79	115
79	84
79	400
79	399
79	576
79	104
79	175
79	582
79	126
79	273
79	583
79	193
79	360
79	119
79	13
79	160
80	227
80	133
80	584
80	49
80	51
80	5
80	451
80	240
80	585
80	154
80	45
80	586
80	332
80	19
80	453
80	459
80	553
80	587
80	307
80	259
80	93
80	242
80	404
80	203
81	233
81	305
81	232
81	69
81	179
81	18
81	5
81	268
81	236
81	93
81	404
81	181
81	380
81	274
81	175
81	112
81	300
81	519
81	588
81	459
81	276
81	200
81	587
82	589
82	387
82	5
82	238
82	142
82	242
83	75
83	353
83	140
83	142
83	331
83	11
83	145
83	590
83	5
83	149
83	139
83	572
83	41
83	152
83	151
84	397
84	591
84	5
84	592
84	79
84	211
84	127
84	218
84	593
84	197
84	594
84	214
84	192
84	290
84	327
84	221
84	204
84	400
84	129
84	326
84	517
84	595
85	428
85	596
85	597
85	377
85	232
85	94
85	26
85	453
85	5
85	18
85	93
86	53
86	182
86	133
86	566
86	5
86	40
87	6
87	91
87	598
87	203
87	218
87	599
87	517
87	600
87	192
87	593
87	197
87	258
88	453
88	463
88	92
88	601
88	6
88	602
88	603
88	72
89	6
89	426
89	67
89	484
89	281
89	64
89	509
89	429
89	604
89	605
89	606
89	63
89	506
89	607
89	395
89	425
89	68
89	603
89	608
89	609
89	284
89	602
90	610
90	255
90	232
90	6
90	611
90	268
90	612
90	368
90	613
90	614
90	443
90	20
91	48
91	615
91	6
91	616
91	617
91	200
91	283
91	618
91	156
91	87
91	619
91	573
91	258
92	620
92	453
92	601
92	88
92	6
92	188
92	602
92	14
92	621
92	622
92	623
92	624
92	464
92	625
92	626
92	190
92	627
92	117
92	628
93	629
93	98
93	80
93	265
93	630
93	375
93	631
93	230
93	6
93	350
93	456
93	136
93	40
93	605
93	632
93	232
93	567
93	236
93	130
93	597
93	596
93	85
93	81
93	240
94	26
94	453
94	85
94	6
94	631
95	375
95	6
95	611
95	99
95	633
95	609
95	456
96	6
96	22
97	634
97	597
97	635
97	6
97	626
98	93
98	134
98	601
98	6
98	188
99	6
99	597
99	95
100	7
100	264
100	195
100	270
100	636
100	581
100	403
100	131
100	467
100	637
100	73
100	127
100	553
101	338
101	7
101	369
102	638
102	40
102	245
102	20
102	613
102	8
103	153
103	41
103	30
103	332
103	8
103	20
103	134
103	500
103	403
103	127
103	46
103	200
103	217
103	639
103	326
103	104
104	41
104	50
104	75
104	39
104	20
104	8
104	332
104	38
104	544
104	334
104	182
104	330
104	419
104	577
104	413
104	235
104	467
104	377
104	226
104	273
104	438
104	399
104	389
104	209
104	445
104	640
104	199
104	213
104	203
104	15
104	195
104	79
104	205
104	127
104	641
104	642
104	643
104	595
104	644
104	645
104	197
104	646
104	283
104	128
104	54
104	48
104	202
104	258
104	115
104	647
104	103
104	212
104	290
104	204
104	55
104	217
104	648
104	649
104	650
104	502
104	250
104	320
104	78
104	201
104	360
104	200
104	471
104	216
104	436
104	215
104	306
105	537
105	587
105	424
105	8
105	12
105	651
105	652
105	451
105	653
105	654
105	655
105	267
105	414
105	656
105	457
105	657
105	133
105	136
105	40
105	357
105	19
105	658
105	338
105	659
105	660
105	661
105	662
105	663
105	390
105	466
105	664
106	8
106	665
106	666
106	251
106	38
106	20
106	181
106	127
106	199
106	205
106	262
106	195
106	57
106	667
106	216
106	13
107	33
107	119
107	9
107	295
107	23
107	69
107	15
108	23
108	9
109	116
109	531
109	568
109	13
109	118
109	9
109	668
109	181
109	23
109	123
110	9
111	332
111	270
111	178
111	9
111	23
111	669
111	164
111	279
111	670
111	162
111	119
111	167
111	354
111	113
111	13
111	169
111	180
111	57
111	166
112	133
112	81
112	671
112	175
112	9
112	180
112	77
112	123
112	161
112	167
112	531
112	119
112	162
113	9
113	668
113	568
113	116
113	178
113	111
114	453
114	672
114	9
114	23
114	16
114	223
114	667
114	224
114	286
114	254
114	673
114	366
114	674
115	469
115	675
115	676
115	343
115	677
115	268
115	467
115	104
115	592
115	126
115	127
115	273
115	79
115	647
115	445
115	304
115	389
115	204
115	678
115	438
115	193
115	48
115	214
115	9
115	23
115	212
115	434
115	641
115	205
115	209
115	213
115	306
115	200
115	288
115	679
115	680
115	203
115	197
116	75
116	134
116	184
116	123
116	69
116	568
116	118
116	109
116	166
116	9
116	681
116	132
116	160
116	113
116	531
116	119
117	682
117	516
117	92
117	440
117	628
117	9
117	204
117	683
117	468
118	75
118	123
118	168
118	9
118	23
118	668
118	116
118	109
118	568
119	232
119	107
119	18
119	331
119	684
119	79
119	116
119	568
119	531
119	165
119	177
119	167
119	164
119	9
119	23
119	181
119	668
119	173
119	175
119	168
119	169
119	160
119	111
119	171
119	162
119	77
119	178
119	180
119	562
119	112
119	32
119	296
120	177
120	162
120	168
120	77
120	562
120	165
120	173
120	164
120	171
120	167
120	23
120	9
121	428
121	544
121	685
121	330
121	328
121	542
121	251
121	686
121	687
121	289
121	354
121	688
121	9
121	286
122	13
122	15
122	9
123	53
123	75
123	182
123	14
123	175
123	116
123	118
123	554
123	112
123	13
123	9
123	23
123	689
123	568
123	109
123	57
123	690
124	691
124	136
124	428
124	328
124	366
124	286
124	181
124	9
124	254
124	692
124	693
125	24
125	683
125	9
126	646
126	115
126	273
126	593
126	694
126	15
126	695
126	9
126	79
126	207
126	445
126	218
126	648
126	647
126	198
127	51
127	302
127	136
127	428
127	73
127	230
127	242
127	100
127	205
127	320
127	106
127	78
127	48
127	193
127	324
127	292
127	323
127	104
127	679
127	216
127	438
127	181
127	115
127	434
127	273
127	195
127	84
127	55
127	103
127	54
127	304
127	206
127	9
127	288
127	200
127	696
128	640
128	199
128	104
128	642
128	15
128	9
128	316
129	467
129	671
129	697
129	193
129	9
129	326
129	400
129	204
129	698
129	436
129	84
130	10
130	134
130	610
130	133
130	296
130	699
130	700
130	584
130	329
130	154
130	535
130	701
130	459
130	702
130	233
130	613
130	93
130	480
130	136
130	703
130	676
131	243
131	312
131	469
131	60
131	546
131	100
131	500
131	10
131	637
131	616
131	330
131	258
132	72
132	10
132	474
132	564
132	133
132	281
132	51
132	233
132	212
132	44
132	78
132	116
132	445
132	55
133	584
133	105
133	86
133	130
133	134
133	154
133	226
133	73
133	80
133	337
133	480
133	704
133	40
133	705
133	690
133	585
133	22
133	350
133	662
133	367
133	376
133	132
133	239
133	447
133	139
133	417
133	313
133	706
133	112
133	371
133	606
133	10
133	70
133	41
133	707
133	444
133	486
133	708
133	253
134	195
134	393
134	523
134	10
134	605
134	130
134	709
134	386
134	710
134	310
134	22
134	40
134	51
134	43
134	339
134	597
134	585
134	116
134	567
134	430
134	133
134	711
134	503
134	396
134	544
134	466
134	712
134	713
134	456
134	147
134	366
134	479
134	692
134	183
134	154
134	714
134	226
134	331
134	98
134	103
135	611
135	564
135	10
135	301
135	715
135	575
135	716
135	717
135	312
135	532
135	212
135	78
135	681
135	13
136	710
136	661
136	451
136	237
136	242
136	268
136	127
136	181
136	93
136	18
136	584
136	137
136	553
136	238
136	375
136	453
136	587
136	412
136	124
136	320
136	213
136	10
136	361
136	229
136	442
136	519
136	419
136	232
136	458
136	331
136	105
136	130
137	136
137	229
137	239
137	10
138	146
138	11
138	145
139	146
139	147
139	141
139	149
139	11
139	145
139	83
139	298
139	266
139	353
139	503
139	142
139	299
139	348
139	718
139	71
139	151
139	331
139	328
139	648
139	395
139	719
139	572
139	720
139	504
139	144
139	148
139	721
139	313
139	311
139	312
139	61
139	332
139	133
140	353
140	83
140	11
140	722
140	718
140	141
140	145
140	151
141	142
141	353
141	151
141	139
141	11
141	722
141	648
141	590
141	403
141	140
141	146
141	147
141	149
141	145
141	723
141	442
141	312
141	503
141	354
141	331
141	577
142	722
142	139
142	146
142	141
142	238
142	11
142	145
142	724
142	83
142	725
142	632
142	503
142	331
142	412
142	726
142	395
142	590
142	380
142	727
142	22
142	728
142	729
142	589
142	410
142	298
142	82
142	409
142	275
142	730
143	558
143	731
143	386
143	732
143	11
143	733
143	363
143	555
144	370
144	415
144	330
144	734
144	145
144	735
144	266
144	61
144	240
144	572
144	184
144	11
144	236
144	353
144	149
144	371
144	139
144	151
145	141
145	370
145	572
145	139
145	138
145	146
145	144
145	353
145	149
145	83
145	331
145	184
145	736
145	140
145	147
145	504
145	11
145	148
145	361
145	315
145	142
145	238
145	51
145	427
145	228
145	151
146	151
146	138
146	139
146	75
146	313
146	28
146	182
146	149
146	145
146	737
146	238
146	572
146	506
146	738
146	142
146	141
146	353
146	76
146	11
146	719
146	395
147	139
147	205
147	572
147	363
147	141
147	145
147	134
147	718
147	11
147	377
147	74
147	151
148	266
148	720
148	736
148	370
148	572
148	139
148	184
148	504
148	149
148	11
148	145
148	151
148	691
149	151
149	353
149	145
149	62
149	75
149	572
149	240
149	539
149	146
149	139
149	141
149	11
149	83
149	182
149	61
149	148
149	242
149	403
149	144
149	577
150	240
150	11
151	148
151	141
151	146
151	149
151	738
151	266
151	370
151	734
151	558
151	299
151	556
151	145
151	242
151	736
151	74
151	572
151	139
151	739
151	140
151	740
151	147
151	184
151	144
151	722
151	11
151	741
151	83
152	395
152	742
152	12
152	743
152	411
152	744
152	745
152	746
152	355
152	589
152	747
152	590
152	83
152	11
153	12
153	103
153	217
154	376
154	236
154	134
154	676
154	12
154	361
154	444
154	345
154	130
154	414
154	585
154	343
154	133
154	417
154	584
154	374
154	377
154	80
155	268
155	686
155	12
155	701
155	661
155	267
156	334
156	740
156	30
156	39
156	245
156	91
156	331
156	332
156	41
156	51
156	20
156	748
156	12
157	749
157	750
157	660
157	751
157	390
157	752
157	394
157	12
157	753
157	182
157	754
157	648
158	755
158	433
158	12
159	756
159	757
159	758
159	12
160	189
160	119
160	182
160	184
160	13
160	583
160	77
160	116
160	79
161	77
161	583
161	13
161	112
161	175
161	195
161	326
161	196
161	400
161	698
161	296
161	197
162	632
162	350
162	759
162	488
162	13
162	120
162	321
162	119
162	111
162	112
163	270
163	172
163	166
163	13
163	167
163	321
163	164
164	238
164	171
164	173
164	13
164	166
164	119
164	120
164	163
164	111
164	562
164	165
164	167
164	296
165	181
165	491
165	164
165	167
165	360
165	177
165	13
165	119
165	120
166	236
166	23
166	116
166	164
166	13
166	531
166	163
166	111
167	14
167	236
167	165
167	164
167	163
167	562
167	321
167	13
167	690
167	112
167	531
167	111
167	23
167	119
167	120
168	118
168	69
168	13
168	119
168	120
168	32
169	13
169	69
169	111
169	489
169	119
170	500
170	13
170	583
171	296
171	164
171	562
171	13
171	119
171	120
172	163
172	13
173	164
173	13
173	119
173	120
173	23
174	13
175	81
175	389
175	583
175	23
175	123
175	161
175	112
175	180
175	79
175	219
175	196
175	195
175	760
175	181
175	77
175	13
175	197
175	119
175	326
176	583
176	181
176	13
177	243
177	119
177	120
177	29
177	165
177	13
178	111
178	119
178	279
178	668
178	13
178	113
179	81
179	13
180	343
180	548
180	313
180	77
180	112
180	175
180	196
180	111
180	119
180	13
181	136
181	230
181	27
181	233
181	81
181	240
181	236
181	51
181	22
181	23
181	276
181	761
181	531
181	33
181	295
181	124
181	119
181	562
181	69
181	175
181	127
181	286
181	176
181	165
181	762
181	291
181	106
181	109
181	13
182	566
182	186
182	53
182	763
182	699
182	624
182	383
182	358
182	146
182	188
182	392
182	380
182	714
182	340
182	149
182	723
182	725
182	77
182	366
182	190
182	75
182	550
182	14
182	764
182	565
182	601
182	603
182	157
182	104
182	160
182	765
182	189
182	86
182	123
182	184
183	14
183	184
183	268
183	79
183	571
183	188
183	190
183	578
183	134
183	205
184	183
184	370
184	558
184	144
184	299
184	741
184	415
184	572
184	14
184	145
184	48
184	75
184	328
184	353
184	53
184	363
184	182
184	61
184	388
184	735
184	766
184	568
184	116
184	330
184	577
184	266
184	148
184	151
184	189
184	160
185	579
185	602
185	26
185	548
185	75
185	18
185	710
185	14
185	73
185	767
185	428
185	638
185	637
185	413
186	465
186	182
186	14
186	53
186	75
186	566
186	765
186	395
186	588
187	768
187	659
187	454
187	587
187	769
187	653
187	466
187	770
187	561
187	771
187	14
187	662
187	577
188	453
188	75
188	53
188	190
188	772
188	463
188	92
188	183
188	182
188	622
188	601
188	621
188	577
188	773
188	14
188	98
189	14
189	184
189	160
189	566
189	565
189	572
189	182
189	75
190	183
190	188
190	453
190	463
190	182
190	315
190	14
190	44
190	53
190	621
190	49
190	92
190	40
191	697
191	774
191	15
191	775
191	247
191	502
191	445
191	205
191	57
191	287
191	223
191	322
192	362
192	327
192	360
192	591
192	221
192	214
192	593
192	400
192	195
192	774
192	15
192	517
192	87
192	599
192	600
192	598
192	211
192	445
192	218
192	203
192	84
193	40
193	704
193	73
193	195
193	209
193	292
193	127
193	15
193	115
193	129
193	262
193	648
193	324
193	438
193	360
193	389
193	55
193	316
193	203
193	79
193	29
193	399
193	776
194	15
194	693
194	777
194	254
194	674
194	488
194	670
195	268
195	332
195	100
195	134
195	73
195	236
195	22
195	677
195	598
195	219
195	778
195	273
195	193
195	29
195	200
195	76
195	389
195	175
195	196
195	203
195	779
195	262
195	15
195	316
195	472
195	55
195	288
195	471
195	211
195	326
195	206
195	127
195	690
195	776
195	438
195	213
195	780
195	106
195	445
195	360
195	209
195	363
195	161
195	104
195	694
195	217
195	192
196	195
196	203
196	15
196	326
196	781
196	77
196	219
196	175
196	389
196	180
196	288
196	161
196	779
196	211
197	774
197	511
197	84
197	221
197	204
197	104
197	214
197	628
197	326
197	206
197	400
197	583
197	161
197	646
197	440
197	211
197	15
197	593
197	203
197	694
197	175
197	205
197	115
197	782
197	87
197	779
197	697
197	218
197	641
198	783
198	784
198	288
198	686
198	724
198	285
198	15
198	362
198	785
198	214
198	220
198	779
198	215
198	648
198	217
198	126
199	104
199	218
199	640
199	644
199	595
199	128
199	645
199	641
199	786
199	642
199	270
199	646
199	544
199	469
199	332
199	15
199	691
199	787
199	106
199	616
199	283
199	258
199	29
199	204
200	257
200	334
200	91
200	81
200	232
200	649
200	201
200	55
200	48
200	15
200	103
200	78
200	205
200	360
200	104
200	437
200	115
200	290
200	273
200	195
200	292
200	217
200	54
200	324
200	473
200	335
200	127
200	29
201	257
201	334
201	250
201	398
201	347
201	30
201	585
201	200
201	55
201	15
201	213
201	48
201	104
201	320
201	473
202	290
202	502
202	370
202	104
202	415
202	572
202	15
202	331
202	262
202	788
202	39
202	61
202	205
202	22
202	322
203	232
203	271
203	334
203	377
203	80
203	389
203	195
203	216
203	789
203	197
203	104
203	292
203	204
203	360
203	196
203	250
203	210
203	209
203	437
203	192
203	208
203	273
203	15
203	206
203	87
203	593
203	790
203	215
203	262
203	193
203	212
203	290
203	217
203	445
203	115
203	502
203	213
203	327
203	471
204	400
204	445
204	216
204	211
204	218
204	115
204	207
204	593
204	647
204	791
204	197
204	129
204	84
204	221
204	203
204	210
204	15
204	335
204	782
204	117
204	389
204	215
204	206
204	288
204	290
204	209
204	697
204	273
204	104
204	214
204	199
205	147
205	73
205	191
205	20
205	183
205	694
205	104
205	213
205	262
205	106
205	48
205	127
205	209
205	321
205	214
205	221
205	445
205	57
205	438
205	15
205	197
205	326
205	399
205	115
205	212
205	360
205	202
205	200
206	55
206	212
206	195
206	389
206	472
206	211
206	15
206	197
206	203
206	363
206	628
206	127
206	204
206	215
206	697
206	326
207	467
207	791
207	218
207	211
207	445
207	15
207	273
207	126
207	204
207	647
207	342
207	595
208	403
208	15
208	203
208	214
208	595
208	217
209	40
209	403
209	671
209	675
209	424
209	20
209	232
209	104
209	205
209	193
209	273
209	203
209	438
209	445
209	195
209	15
209	321
209	360
209	115
209	399
209	55
209	213
209	204
209	697
209	641
210	577
210	203
210	211
210	218
210	204
210	400
210	288
210	697
210	791
210	679
210	780
210	15
210	214
210	29
211	792
211	221
211	210
211	400
211	192
211	559
211	218
211	84
211	214
211	212
211	204
211	697
211	440
211	197
211	206
211	207
211	793
211	327
211	791
211	215
211	471
211	55
211	195
211	794
211	15
211	326
211	196
212	365
212	676
212	285
212	792
212	135
212	471
212	436
212	115
212	132
212	211
212	206
212	55
212	48
212	283
212	363
212	15
212	205
212	795
212	796
212	104
212	306
212	473
212	203
213	687
213	691
213	242
213	136
213	428
213	20
213	55
213	292
213	209
213	201
213	205
213	360
213	195
213	104
213	437
213	115
213	262
213	203
213	502
213	649
213	273
213	15
214	591
214	288
214	115
214	218
214	197
214	211
214	215
214	208
214	362
214	220
214	198
214	779
214	641
214	785
214	84
214	221
214	400
214	204
214	697
214	210
214	217
214	205
214	192
214	15
214	517
214	593
215	779
215	203
215	598
215	218
215	288
215	214
215	211
215	389
215	438
215	198
215	220
215	641
215	785
215	217
215	15
215	695
215	206
215	204
215	104
215	797
216	544
216	774
216	242
216	500
216	127
216	220
216	203
216	292
216	106
216	204
216	104
216	15
216	793
217	798
217	153
217	577
217	215
217	362
217	198
217	208
217	779
217	214
217	598
217	29
217	200
217	273
217	628
217	334
217	103
217	531
217	104
217	438
217	15
217	195
217	203
217	639
218	400
218	204
218	724
218	199
218	697
218	214
218	694
218	15
218	211
218	84
218	471
218	591
218	207
218	649
218	210
218	791
218	215
218	799
218	221
218	87
218	594
218	192
218	695
218	68
218	691
218	800
218	288
218	789
218	197
218	126
219	389
219	196
219	195
219	175
219	801
219	15
220	554
220	598
220	785
220	216
220	214
220	362
220	198
220	779
220	288
220	215
220	646
220	15
221	591
221	741
221	802
221	211
221	803
221	197
221	84
221	205
221	204
221	192
221	593
221	214
221	218
221	15
222	548
222	20
222	677
222	494
222	804
222	16
223	191
223	494
223	805
223	354
223	114
223	673
223	16
223	674
224	114
224	805
224	16
225	17
225	527
226	38
226	22
226	806
226	133
226	531
226	17
226	44
226	323
226	24
226	409
226	577
226	517
226	377
226	367
226	104
226	134
227	807
227	49
227	80
227	398
227	19
227	240
227	17
227	403
227	339
227	51
227	270
227	313
228	18
228	453
228	145
229	22
229	18
229	297
229	442
229	774
229	808
229	136
229	238
229	137
229	26
229	612
229	239
229	232
229	42
230	239
230	93
230	181
230	127
230	242
230	253
230	809
230	37
230	345
230	18
230	333
230	56
231	18
231	26
232	209
232	237
232	443
232	19
232	281
232	691
232	242
232	253
232	119
232	203
232	70
232	93
232	90
232	27
232	73
232	810
232	81
232	305
232	811
232	238
232	812
232	85
232	69
232	304
232	813
232	533
232	18
232	136
232	37
232	814
232	75
232	632
232	659
232	589
232	438
232	815
232	377
232	584
232	710
232	229
232	239
232	606
232	234
232	254
232	200
233	81
233	18
233	132
233	181
233	816
233	130
233	375
234	540
234	661
234	304
234	40
234	26
234	567
234	232
234	18
234	414
234	451
234	457
234	455
234	817
234	256
235	18
235	104
236	818
236	339
236	315
236	704
236	37
236	304
236	584
236	81
236	630
236	18
236	632
236	819
236	181
236	701
236	268
236	706
236	623
236	443
236	820
236	93
236	463
236	144
236	195
236	821
236	531
236	502
236	167
236	354
236	166
236	154
237	26
237	708
237	563
237	452
237	822
237	427
237	823
237	18
237	512
237	136
237	459
237	66
237	40
237	232
237	486
237	446
237	24
238	589
238	503
238	242
238	229
238	433
238	146
238	145
238	142
238	136
238	232
238	305
238	811
238	824
238	812
238	69
238	329
238	82
238	18
238	20
238	164
238	590
239	442
239	825
239	775
239	443
239	439
239	230
239	42
239	38
239	404
239	232
239	22
239	133
239	137
239	229
239	247
239	305
239	18
240	51
240	80
240	339
240	227
240	93
240	483
240	181
240	465
240	149
240	242
240	19
240	366
240	48
240	455
240	414
240	315
240	826
240	144
240	37
240	451
240	474
240	268
240	49
240	587
240	584
240	45
240	150
240	30
240	391
241	827
241	19
241	417
241	577
242	395
242	232
242	430
242	828
242	829
242	302
242	825
242	331
242	80
242	590
242	151
242	830
242	213
242	230
242	240
242	136
242	238
242	632
242	372
242	19
242	587
242	216
242	451
242	82
242	149
242	503
242	127
243	131
243	377
243	831
243	60
243	19
243	469
243	500
243	177
244	20
244	38
244	353
244	334
244	245
244	249
244	41
244	247
244	40
244	49
244	30
245	244
245	38
245	361
245	20
245	398
245	584
245	156
245	45
245	249
245	40
245	22
245	102
246	20
246	40
247	330
247	774
247	378
247	391
247	51
247	442
247	832
247	808
247	833
247	511
247	244
247	239
247	554
247	191
247	20
248	20
248	305
249	366
249	686
249	244
249	251
249	428
249	245
249	20
249	701
249	40
249	38
249	283
250	332
250	44
250	419
250	30
250	203
250	20
250	257
250	330
250	436
250	334
250	104
250	201
250	55
250	834
251	249
251	320
251	121
251	710
251	305
251	20
251	106
251	432
252	20
253	230
253	676
253	232
253	809
253	584
253	333
253	73
253	337
253	51
253	37
253	345
253	258
253	268
253	20
253	133
254	332
254	232
254	20
254	22
254	835
254	366
254	836
254	837
254	194
254	488
254	124
254	57
254	838
254	693
254	276
254	354
254	114
254	286
255	268
255	613
255	571
255	90
255	611
255	715
255	498
255	658
255	768
255	58
255	839
255	20
255	840
255	841
256	234
256	457
256	353
256	315
256	659
256	842
256	567
256	843
256	368
256	20
256	50
256	422
257	347
257	250
257	200
257	201
257	20
258	30
258	49
258	671
258	20
258	131
258	44
258	665
258	332
258	253
258	199
258	91
258	419
258	54
258	471
258	104
258	87
258	292
258	304
259	80
259	417
259	717
259	844
259	845
259	754
259	72
259	40
259	20
259	457
260	20
261	22
261	40
261	376
261	367
262	22
262	438
262	213
262	193
262	195
262	205
262	23
262	287
262	202
262	203
262	502
262	445
262	106
263	22
263	846
263	847
263	446
263	848
263	563
264	100
264	22
264	306
264	271
264	849
264	38
264	283
264	24
265	93
265	597
265	375
265	22
266	151
266	139
266	850
266	556
266	709
266	851
266	572
266	555
266	299
266	502
266	22
266	718
266	61
266	184
266	144
266	340
266	74
266	75
266	148
267	424
267	315
267	367
267	53
267	39
267	658
267	656
267	368
267	766
267	451
267	364
267	353
267	357
267	662
267	394
267	22
267	361
267	105
267	852
267	414
267	71
267	155
267	567
267	339
268	90
268	195
268	79
268	115
268	75
268	710
268	48
268	136
268	42
268	81
268	51
268	155
268	183
268	701
268	853
268	854
268	255
268	236
268	240
268	22
268	613
268	700
268	253
268	587
268	50
269	584
269	814
269	350
269	855
269	40
269	37
269	619
269	72
269	856
269	828
269	398
269	22
269	377
269	815
269	631
269	857
270	858
270	859
270	860
270	391
270	332
270	749
270	403
270	433
270	49
270	227
270	41
270	355
270	354
270	199
270	22
270	111
270	371
270	313
270	397
270	100
270	835
270	163
271	203
271	264
271	22
272	500
272	22
272	861
272	688
272	354
273	469
273	22
273	115
273	593
273	195
273	445
273	104
273	207
273	126
273	694
273	204
273	79
273	436
273	389
273	203
273	48
273	217
273	127
273	209
273	592
273	326
273	200
273	862
273	438
273	213
273	381
274	414
274	863
274	450
274	377
274	37
274	278
274	81
274	457
274	352
274	22
274	26
275	755
275	858
275	387
275	142
275	864
275	412
275	590
275	392
275	457
275	298
275	865
275	332
275	413
275	22
276	22
276	81
276	181
276	693
276	322
276	866
276	254
277	846
277	823
277	867
277	553
277	563
277	868
277	50
277	869
277	870
277	847
277	22
278	871
278	567
278	414
278	653
278	597
278	416
278	274
278	371
278	22
278	450
279	371
279	27
279	22
279	391
279	69
279	111
279	531
279	178
279	670
279	693
280	338
280	22
281	66
281	42
281	56
281	67
281	484
281	64
281	509
281	429
281	89
281	232
281	63
281	65
281	425
281	71
281	58
281	57
281	426
281	443
281	132
281	45
281	22
282	22
282	494
282	354
283	728
283	590
283	685
283	724
283	433
283	541
283	392
283	542
283	22
283	428
283	328
283	249
283	91
283	264
283	419
283	104
283	199
283	212
284	539
284	484
284	23
284	71
284	505
284	499
284	89
284	507
285	57
285	66
285	23
285	198
285	212
285	288
286	24
286	872
286	51
286	564
286	345
286	73
286	124
286	114
286	873
286	294
286	874
286	181
286	366
286	875
286	876
286	877
286	878
286	121
286	23
286	488
286	838
286	254
287	191
287	23
287	262
288	285
288	23
288	583
288	400
288	214
288	779
288	198
288	215
288	780
288	55
288	196
288	220
288	785
288	127
288	218
288	115
288	326
288	204
288	210
288	195
289	121
289	670
289	354
289	692
289	23
289	879
289	836
289	693
289	837
289	494
289	667
290	445
290	591
290	104
290	335
290	203
290	84
290	23
290	321
290	724
290	200
290	546
290	202
290	204
291	181
291	23
292	39
292	413
292	48
292	127
292	203
292	213
292	216
292	200
292	258
292	23
292	193
292	55
292	782
293	23
294	494
294	874
294	286
294	23
295	47
295	307
295	107
295	181
295	23
295	880
296	881
296	130
296	698
296	171
296	440
296	583
296	161
296	876
296	119
296	23
296	164
297	428
297	24
297	589
297	229
297	442
297	882
297	883
298	755
298	725
298	430
298	139
298	541
298	397
298	729
298	331
298	392
298	395
298	589
298	275
298	551
298	884
298	885
298	409
298	787
298	433
298	570
298	886
298	887
298	388
298	883
298	728
298	724
298	315
298	428
298	24
298	385
298	408
298	332
298	142
298	503
299	572
299	184
299	391
299	139
299	544
299	266
299	24
299	151
299	370
299	687
299	413
300	481
300	24
300	81
300	848
300	846
300	330
301	135
301	24
301	810
302	379
302	340
302	41
302	467
302	381
302	888
302	242
302	383
302	384
302	386
302	889
302	890
302	321
302	891
302	127
302	892
302	392
302	893
302	894
302	382
302	380
302	385
302	895
302	24
302	438
302	48
303	26
303	896
303	328
304	234
304	236
304	232
304	26
304	307
304	675
304	329
304	728
304	392
304	519
304	115
304	306
304	127
304	437
304	258
305	310
305	239
305	248
305	686
305	897
305	898
305	899
305	232
305	238
305	251
305	748
305	81
305	26
306	900
306	264
306	26
306	304
306	437
306	115
306	212
306	104
306	434
307	33
307	295
307	760
307	338
307	657
307	377
307	455
307	27
307	843
307	816
307	304
307	357
307	533
307	457
307	424
307	540
307	880
307	550
307	451
307	80
308	412
308	478
308	27
309	901
309	28
309	310
309	902
309	311
310	311
310	28
310	305
310	309
310	134
310	328
310	313
310	898
311	903
311	904
311	28
311	310
311	905
311	554
311	906
311	859
311	309
311	907
311	139
311	328
312	794
312	314
312	403
312	396
312	711
312	908
312	38
312	909
312	456
312	28
312	910
312	349
312	131
312	710
312	141
312	139
312	377
312	135
312	764
312	717
313	457
313	901
313	146
313	911
313	526
313	310
313	133
313	41
313	522
313	465
313	139
313	49
313	28
313	38
313	180
313	557
313	437
313	270
313	227
314	28
314	794
314	312
314	456
314	610
314	347
314	395
314	711
314	467
315	367
315	338
315	236
315	267
315	353
315	240
315	75
315	912
315	51
315	348
315	826
315	414
315	494
315	145
315	531
315	190
315	913
315	514
315	28
315	377
315	53
315	256
315	298
315	561
315	65
315	408
315	357
315	706
315	661
316	29
316	195
316	598
316	48
316	779
316	128
316	54
316	321
316	193
316	320
317	29
318	29
318	914
319	696
319	29
319	322
319	325
319	516
319	320
320	915
320	136
320	691
320	428
320	251
320	127
320	48
320	362
320	696
320	323
320	319
320	321
320	316
320	441
320	322
320	324
320	29
320	434
320	104
320	201
321	302
321	567
321	441
321	916
321	290
321	78
321	29
321	399
321	316
321	162
321	209
321	205
321	445
321	437
321	914
321	167
321	163
321	48
321	389
321	324
321	438
321	320
321	335
322	191
322	29
322	319
322	202
322	76
322	696
322	276
322	639
322	320
322	325
323	49
323	226
323	371
323	665
323	127
323	29
323	324
323	54
323	320
324	127
324	48
324	323
324	321
324	327
324	362
324	29
324	200
324	320
324	193
325	29
325	917
325	319
325	628
325	322
325	680
326	591
326	577
326	48
326	197
326	583
326	55
326	288
326	389
326	206
326	273
326	628
326	211
326	129
326	400
326	84
326	594
326	161
326	205
326	175
326	195
326	779
326	103
326	196
326	29
327	211
327	192
327	362
327	324
327	29
327	48
327	84
327	203
328	30
328	332
328	310
328	580
328	672
328	419
328	53
328	184
328	139
328	414
328	283
328	432
328	121
328	330
328	542
328	334
328	354
328	124
328	311
328	541
328	383
328	331
328	303
329	374
329	30
329	238
329	880
329	377
329	584
329	130
329	918
329	710
329	304
329	69
329	37
330	332
330	419
330	30
330	247
330	131
330	338
330	121
330	53
330	328
330	563
330	300
330	335
330	432
330	104
330	422
330	542
330	184
330	774
330	383
330	826
330	144
330	250
331	145
331	411
331	43
331	430
331	392
331	242
331	590
331	83
331	298
331	406
331	503
331	382
331	729
331	385
331	395
331	723
331	388
331	919
331	433
331	542
331	55
331	142
331	41
331	40
331	139
331	904
331	141
331	47
331	328
331	156
331	30
331	202
331	119
331	38
331	136
331	380
331	894
331	892
331	134
332	195
332	41
332	335
332	328
332	531
332	330
332	542
332	44
332	544
332	419
332	371
332	254
332	657
332	573
332	860
332	920
332	77
332	433
332	250
332	389
332	557
332	869
332	104
332	640
332	111
332	53
332	334
332	921
332	30
332	336
332	363
332	469
332	563
332	258
332	199
332	51
332	380
332	512
332	298
332	383
332	80
332	275
332	465
332	742
332	456
332	409
332	139
332	49
332	270
332	156
332	103
332	488
333	922
333	353
333	367
333	809
333	253
333	611
333	923
333	607
333	456
333	375
333	230
333	924
333	40
333	633
333	30
334	328
334	542
334	156
334	332
334	55
334	419
334	30
334	104
334	649
334	201
334	531
334	244
334	925
334	41
334	51
334	203
334	200
334	217
334	250
335	39
335	332
335	330
335	30
335	907
335	619
335	290
335	204
335	78
335	468
335	321
335	200
336	926
336	332
336	41
336	382
336	432
336	46
336	30
336	408
336	355
336	467
336	777
336	502
337	133
337	353
337	50
337	602
337	637
337	49
337	253
337	586
337	41
337	660
337	30
337	428
338	927
338	553
338	339
338	315
338	353
338	760
338	928
338	307
338	280
338	929
338	330
338	343
338	564
338	71
338	930
338	101
338	544
338	931
338	30
338	367
338	483
338	575
338	932
338	105
339	236
339	338
339	933
339	353
339	227
339	657
339	240
339	934
339	134
339	361
339	30
339	51
339	364
339	845
339	267
339	760
339	50
340	31
340	383
340	43
340	935
340	302
340	888
340	895
340	890
340	891
340	735
340	384
340	392
340	936
340	415
340	182
340	61
340	356
340	572
340	907
340	266
340	379
340	889
340	570
340	937
340	363
340	577
340	75
340	381
340	883
340	412
340	511
340	388
340	370
341	33
341	880
342	33
342	445
342	399
342	207
342	697
343	676
343	488
343	180
343	567
343	659
343	338
343	540
343	938
343	115
343	563
343	465
343	414
343	37
343	154
343	48
343	548
344	349
344	37
345	154
345	417
345	398
345	550
345	367
345	374
345	37
345	286
345	230
345	253
345	53
346	589
346	939
346	940
346	941
346	355
346	37
346	942
346	742
346	943
346	745
346	944
346	945
346	747
347	257
347	37
347	444
347	610
347	314
347	201
347	584
348	139
348	946
348	522
348	37
348	315
348	44
348	68
348	361
349	947
349	344
349	312
349	710
349	948
349	365
349	37
350	631
350	269
350	726
350	133
350	93
350	704
350	71
350	57
350	367
350	686
350	51
350	37
350	828
350	553
350	45
350	869
350	843
350	162
351	659
351	587
351	949
351	466
351	561
351	454
351	768
351	655
351	950
351	653
351	951
351	952
351	37
351	75
352	537
352	37
352	40
352	567
352	500
352	274
352	50
352	953
352	71
352	577
352	391
352	840
353	83
353	145
353	184
353	337
353	53
353	315
353	40
353	139
353	355
353	38
353	141
353	414
353	367
353	74
353	149
353	929
353	49
353	398
353	39
353	45
353	146
353	572
353	858
353	339
353	333
353	766
353	244
353	41
353	370
353	267
353	140
353	504
353	256
353	338
353	144
353	364
353	719
353	357
353	954
353	50
354	356
354	355
354	38
354	955
354	665
354	956
354	44
354	957
354	141
354	270
354	41
354	39
354	328
354	500
354	236
354	40
354	391
354	467
354	401
354	289
354	488
354	494
354	693
354	692
354	366
354	415
354	254
354	272
354	531
354	690
354	121
354	958
354	837
354	69
354	223
354	667
354	670
354	282
354	111
354	873
355	590
355	353
355	542
355	406
355	724
355	388
355	589
355	944
355	723
355	743
355	41
355	398
355	585
355	945
355	959
355	746
355	960
355	744
355	467
355	391
355	270
355	409
355	904
355	469
355	354
355	152
355	749
355	38
355	336
355	551
355	413
355	346
355	71
356	354
356	340
356	888
356	382
356	415
356	890
356	38
356	895
357	451
357	40
357	368
357	920
357	353
357	267
357	377
357	749
357	514
357	105
357	307
357	768
357	706
357	315
357	961
357	38
357	424
357	547
358	39
358	520
358	182
358	710
358	764
359	39
359	54
359	471
359	55
359	360
360	39
360	203
360	192
360	165
360	48
360	195
360	200
360	193
360	795
360	359
360	213
360	104
360	209
360	399
360	435
360	79
360	205
361	39
361	339
361	154
361	348
361	145
361	245
361	136
361	267
361	465
361	68
361	962
361	522
361	431
361	543
361	44
361	51
362	39
362	48
362	785
362	220
362	440
362	198
362	327
362	214
362	217
362	324
362	320
362	192
363	39
363	147
363	184
363	340
363	332
363	143
363	55
363	471
363	206
363	212
363	195
364	51
364	766
364	953
364	339
364	368
364	39
364	267
364	353
364	961
365	212
365	50
365	39
365	349
366	687
366	249
366	686
366	182
366	134
366	49
366	240
366	51
366	671
366	47
366	766
366	467
366	39
366	469
366	674
366	354
366	963
366	494
366	964
366	254
366	286
366	531
366	837
366	488
366	965
366	692
366	124
366	114
366	878
367	267
367	65
367	40
367	368
367	353
367	961
367	391
367	863
367	261
367	315
367	659
367	371
367	49
367	952
367	350
367	133
367	50
367	414
367	928
367	345
367	333
367	338
367	226
368	367
368	357
368	90
368	40
368	267
368	256
368	364
368	953
368	451
368	71
368	578
369	40
369	394
369	871
369	101
369	608
369	416
370	144
370	415
370	151
370	184
370	502
370	353
370	735
370	299
370	40
370	145
370	148
370	61
370	340
370	202
371	41
371	279
371	367
371	537
371	377
371	466
371	278
371	323
371	332
371	133
371	40
371	270
371	729
371	144
372	703
372	57
372	40
372	45
372	242
372	56
372	61
372	71
372	428
372	67
373	40
374	390
374	329
374	40
374	154
374	345
375	265
375	453
375	611
375	416
375	607
375	966
375	633
375	967
375	609
375	333
375	733
375	968
375	396
375	969
375	420
375	629
375	402
375	970
375	605
375	456
375	871
375	95
375	136
375	428
375	93
375	377
375	40
375	233
375	72
376	971
376	154
376	584
376	444
376	428
376	40
376	133
376	881
376	261
376	972
377	329
377	243
377	307
377	53
377	232
377	72
377	752
377	453
377	371
377	41
377	660
377	390
377	85
377	312
377	357
377	584
377	647
377	315
377	412
377	587
377	375
377	147
377	973
377	274
377	389
377	974
377	712
377	388
377	466
377	40
377	226
377	269
377	203
377	749
377	661
377	104
377	154
378	832
378	808
378	658
378	40
378	247
379	384
379	783
379	380
379	41
379	302
379	340
379	381
379	975
379	386
380	302
380	392
380	503
380	41
380	383
380	379
380	142
380	182
380	386
380	382
380	381
380	384
380	889
380	590
380	729
380	331
380	385
380	783
380	412
380	81
380	332
380	551
380	891
381	302
381	41
381	386
381	783
381	935
381	383
381	384
381	382
381	380
381	385
381	379
381	976
381	889
381	577
381	340
381	592
381	273
382	41
382	331
382	383
382	381
382	302
382	380
382	385
382	386
382	336
382	356
382	503
382	43
382	883
383	41
383	340
383	891
383	384
383	302
383	382
383	380
383	385
383	392
383	937
383	386
383	783
383	328
383	408
383	182
383	381
383	895
383	542
383	330
383	406
383	795
383	332
383	577
383	890
384	381
384	889
384	379
384	725
384	302
384	340
384	385
384	783
384	380
384	392
384	41
384	386
384	383
384	895
385	41
385	380
385	43
385	384
385	382
385	729
385	381
385	298
385	383
385	503
385	302
385	331
385	386
386	379
386	383
386	381
386	380
386	384
386	302
386	382
386	385
386	937
386	41
386	143
386	134
386	590
387	403
387	275
387	858
387	41
387	889
387	82
387	957
387	832
387	590
387	395
388	298
388	725
388	433
388	409
388	808
388	883
388	412
388	632
388	184
388	787
388	41
388	430
388	728
388	395
388	355
388	377
388	723
388	331
388	977
388	884
388	541
388	885
388	755
388	551
388	570
388	886
388	887
388	340
389	41
389	724
389	377
389	332
389	219
389	196
389	321
389	48
389	195
389	104
389	175
389	115
389	326
389	206
389	801
389	445
389	215
389	785
389	203
389	55
389	583
389	273
389	780
389	193
389	204
390	374
390	751
390	656
390	157
390	41
390	377
390	457
390	417
390	978
390	834
390	105
390	839
391	979
391	270
391	537
391	55
391	279
391	240
391	247
391	299
391	901
391	355
391	367
391	952
391	41
391	845
391	352
391	354
392	302
392	503
392	331
392	891
392	729
392	894
392	892
392	980
392	384
392	340
392	41
392	380
392	919
392	893
392	975
392	981
392	982
392	275
392	438
392	283
392	182
392	442
392	383
392	57
392	298
392	304
393	134
393	41
394	157
394	660
394	752
394	369
394	751
394	766
394	41
394	267
394	983
394	845
395	744
395	943
395	411
395	142
395	298
395	742
395	433
395	755
395	503
395	139
395	242
395	551
395	409
395	984
395	985
395	957
395	889
395	570
395	314
395	89
395	41
395	387
395	388
395	723
395	465
395	942
395	746
395	331
395	186
395	541
395	152
395	747
395	71
395	146
395	891
395	75
396	312
396	456
396	420
396	41
396	134
396	375
396	467
397	84
397	975
397	755
397	941
397	957
397	298
397	41
397	270
398	839
398	353
398	41
398	959
398	571
398	355
398	201
398	44
398	269
398	45
398	345
398	245
398	700
398	227
399	41
399	360
399	104
399	573
399	580
399	321
399	79
399	78
399	193
399	205
399	342
399	209
400	41
400	218
400	986
400	129
400	698
400	583
400	204
400	211
400	192
400	435
400	697
400	79
400	197
400	326
400	214
400	801
400	288
400	210
400	84
400	440
400	161
400	797
401	51
401	987
401	656
401	433
401	41
401	904
401	988
401	354
402	577
402	696
402	375
402	544
402	41
402	967
402	467
403	312
403	387
403	572
403	208
403	103
403	433
403	270
403	209
403	227
403	141
403	676
403	100
403	49
403	149
403	41
403	989
404	80
404	239
404	428
404	81
404	42
405	730
405	406
405	43
405	407
406	407
406	331
406	405
406	410
406	990
406	355
406	409
406	43
406	774
406	551
406	383
406	729
406	991
407	405
407	406
407	903
407	730
407	408
407	907
407	43
407	645
407	774
407	724
408	891
408	383
408	430
408	590
408	704
408	725
408	407
408	298
408	409
408	410
408	43
408	433
408	728
408	858
408	315
408	336
409	725
409	891
409	992
409	388
409	433
409	412
409	298
409	355
409	395
409	787
409	542
409	410
409	541
409	936
409	406
409	430
409	408
409	43
409	226
409	142
409	332
410	142
410	406
410	408
410	409
410	43
410	539
410	551
410	772
411	589
411	942
411	742
411	395
411	744
411	43
411	551
411	152
411	412
411	331
411	725
411	723
412	982
412	883
412	308
412	142
412	380
412	409
412	340
412	43
412	275
412	589
412	411
412	723
412	551
412	388
412	136
412	72
412	377
412	51
413	299
413	45
413	748
413	275
413	185
413	43
413	292
413	355
413	104
413	433
414	913
414	315
414	826
414	651
414	240
414	105
414	661
414	353
414	343
414	548
414	234
414	451
414	506
414	274
414	328
414	367
414	537
414	278
414	534
414	704
414	154
414	567
414	267
414	44
415	370
415	184
415	144
415	356
415	340
415	850
415	572
415	44
415	354
415	202
416	871
416	44
416	369
416	749
416	278
416	375
416	456
416	611
417	259
417	993
417	483
417	604
417	390
417	994
417	133
417	522
417	345
417	44
417	154
417	241
417	754
418	847
418	485
418	807
418	563
418	512
418	459
418	44
419	328
419	330
419	332
419	250
419	76
419	72
419	542
419	573
419	258
419	334
419	136
419	104
419	56
419	44
419	774
419	283
420	396
420	44
420	375
420	608
421	823
421	956
421	44
421	995
421	72
421	553
421	563
421	446
422	996
422	659
422	256
422	71
422	44
422	330
423	44
424	267
424	105
424	658
424	357
424	307
424	209
424	839
424	928
424	429
424	816
424	44
425	57
425	58
425	89
425	45
425	65
425	68
425	281
425	56
425	71
426	89
426	507
426	62
426	506
426	997
426	508
426	907
426	475
426	863
426	281
426	45
426	998
426	70
426	499
426	867
426	999
426	516
427	237
427	45
427	145
428	453
428	121
428	897
428	297
428	85
428	883
428	283
428	298
428	1000
428	553
428	459
428	918
428	249
428	124
428	376
428	542
428	816
428	774
428	213
428	404
428	320
428	127
428	70
428	519
428	375
428	45
428	185
428	545
428	631
428	372
428	1001
428	337
429	66
429	496
429	281
429	499
429	58
429	498
429	424
429	67
429	484
429	64
429	509
429	89
429	45
430	755
430	298
430	408
430	903
430	134
430	331
430	242
430	388
430	891
430	409
430	45
430	1002
431	931
431	962
431	906
431	1003
431	1004
431	859
431	609
431	361
431	821
431	45
431	68
432	251
432	686
432	542
432	330
432	336
432	328
432	926
432	46
432	801
433	885
433	570
433	886
433	388
433	787
433	725
433	541
433	992
433	884
433	551
433	298
433	755
433	887
433	883
433	409
433	158
433	332
433	403
433	270
433	728
433	283
433	747
433	238
433	395
433	401
433	331
433	635
433	539
433	408
433	723
433	467
433	47
433	686
433	413
433	503
434	690
434	306
434	115
434	48
434	320
434	127
435	48
435	360
435	400
436	48
436	273
436	250
436	104
436	438
436	129
436	212
436	55
437	728
437	203
437	200
437	500
437	724
437	48
437	321
437	213
437	313
437	551
437	304
437	306
438	392
438	232
438	1005
438	302
438	104
438	649
438	205
438	57
438	193
438	436
438	127
438	209
438	215
438	115
438	262
438	195
438	321
438	217
438	273
438	48
439	239
439	443
439	48
439	639
440	881
440	362
440	296
440	211
440	698
440	697
440	117
440	516
440	805
440	583
440	400
440	48
440	197
441	321
441	48
441	320
442	808
442	239
442	141
442	229
442	774
442	833
442	297
442	748
442	136
442	392
442	443
442	247
442	503
442	49
442	538
443	281
443	232
443	68
443	239
443	236
443	442
443	90
443	49
443	69
443	439
444	347
444	154
444	376
444	585
444	450
444	587
444	50
444	460
444	447
444	133
444	567
445	50
445	191
445	467
445	205
445	273
445	115
445	694
445	207
445	389
445	914
445	104
445	204
445	593
445	640
445	209
445	321
445	192
445	132
445	126
445	290
445	342
445	203
445	195
445	262
446	263
446	823
446	483
446	50
446	72
446	563
446	995
446	481
446	1006
446	421
446	476
446	237
446	474
446	815
447	444
447	133
447	50
448	50
448	455
449	458
449	730
449	50
450	506
450	444
450	274
450	771
450	278
450	499
450	949
450	1007
450	661
450	537
450	50
450	835
451	687
451	656
451	267
451	414
451	653
451	51
451	1008
451	454
451	1009
451	357
451	514
451	1010
451	105
451	913
451	651
451	80
451	368
451	234
451	655
451	662
451	240
451	136
451	587
451	307
451	661
451	242
451	455
452	483
452	51
452	237
452	563
452	686
453	188
453	622
453	92
453	820
453	1011
453	53
453	88
453	623
453	624
453	602
453	1012
453	621
453	620
453	190
453	1013
453	428
453	114
453	603
453	375
453	136
453	85
453	377
453	703
453	463
453	228
453	94
453	51
453	597
453	707
453	80
453	577
454	587
454	653
454	71
454	514
454	659
454	51
454	351
454	187
454	451
455	307
455	240
455	448
455	1008
455	816
455	760
455	234
455	451
455	51
456	312
456	375
456	314
456	396
456	416
456	333
456	922
456	93
456	134
456	51
456	332
456	467
456	95
457	1014
457	1000
457	313
457	1015
457	602
457	256
457	706
457	547
457	631
457	275
457	390
457	839
457	51
457	105
457	307
457	274
457	234
457	259
458	1016
458	699
458	1017
458	979
458	1018
458	700
458	839
458	136
458	51
458	841
458	449
459	756
459	532
459	563
459	418
459	553
459	1019
459	994
459	470
459	512
459	483
459	1020
459	485
459	847
459	1021
459	921
459	1022
459	476
459	1023
459	1024
459	486
459	1025
459	1026
459	130
459	237
459	428
459	1001
459	81
459	51
459	80
460	51
460	444
460	631
461	989
461	1008
461	1027
461	53
461	75
461	817
462	53
463	820
463	623
463	773
463	625
463	602
463	190
463	88
463	188
463	453
463	53
463	1028
463	624
463	1012
463	236
464	92
464	601
464	53
464	544
465	186
465	343
465	68
465	764
465	53
465	710
465	75
465	240
465	313
465	361
465	73
465	395
465	548
465	522
465	332
465	637
465	1029
465	1030
466	659
466	587
466	769
466	351
466	768
466	653
466	951
466	187
466	818
466	105
466	467
466	548
466	75
466	72
466	134
466	469
466	371
466	377
466	1009
466	53
467	302
467	207
467	466
467	355
467	74
467	100
467	1031
467	433
467	129
467	931
467	366
467	648
467	115
467	104
467	336
467	354
467	314
467	396
467	1032
467	456
467	911
467	488
467	835
467	402
467	557
467	964
467	572
467	54
467	445
467	551
468	335
468	54
468	117
469	499
469	67
469	809
469	332
469	355
469	55
469	115
469	243
469	500
469	273
469	60
469	131
469	520
469	466
469	199
469	835
469	366
470	512
470	756
470	807
470	55
470	847
470	459
470	1033
470	544
471	359
471	363
471	212
471	203
471	211
471	195
471	218
471	258
471	695
471	55
471	104
472	206
472	195
472	55
473	55
473	201
473	200
473	212
474	132
474	708
474	64
474	446
474	1019
474	1034
474	1006
474	240
474	848
474	553
474	56
474	482
475	426
475	869
475	479
475	484
475	56
475	64
475	507
475	61
475	756
475	62
476	459
476	995
476	64
476	482
476	932
476	1019
476	994
476	1035
476	56
476	446
476	485
477	56
477	563
478	56
478	479
478	1036
478	956
478	553
478	308
478	480
478	848
478	563
479	56
479	478
479	1036
479	956
479	134
479	482
479	810
479	475
479	995
479	874
479	674
480	133
480	56
480	708
480	1037
480	486
480	662
480	705
480	690
480	563
480	64
480	846
480	1038
480	553
480	130
480	478
481	446
481	867
481	848
481	56
481	300
481	994
482	1039
482	476
482	486
482	490
482	521
482	1040
482	496
482	606
482	708
482	483
482	1041
482	1007
482	563
482	498
482	1034
482	1042
482	1021
482	485
482	994
482	479
482	868
482	56
482	64
482	63
482	474
483	446
483	485
483	452
483	417
483	482
483	708
483	563
483	994
483	548
483	56
483	459
483	869
483	870
483	1023
483	338
483	240
484	89
484	56
484	63
484	284
484	67
484	509
484	64
484	429
484	66
484	281
484	475
484	604
484	59
484	60
484	507
485	476
485	564
485	756
485	459
485	921
485	482
485	1019
485	994
485	512
485	483
485	847
485	1022
485	418
485	1035
485	56
486	133
486	563
486	756
486	1025
486	480
486	482
486	459
486	1043
486	237
486	1044
486	56
487	57
488	343
488	332
488	467
488	494
488	162
488	366
488	57
488	873
488	254
488	693
488	674
488	194
488	688
488	354
488	877
488	286
488	1045
489	66
489	490
489	57
489	169
490	496
490	482
490	606
490	521
490	1040
490	631
490	489
490	516
490	57
490	66
491	57
491	69
491	165
492	57
493	57
494	315
494	223
494	354
494	222
494	805
494	294
494	873
494	488
494	688
494	366
494	282
494	1046
494	874
494	667
494	877
494	693
494	69
494	57
494	289
495	58
495	978
496	490
496	429
496	606
496	482
496	1040
496	58
497	1047
497	763
497	699
497	978
497	498
497	58
498	482
498	429
498	1000
498	1048
498	255
498	497
498	700
498	58
499	67
499	469
499	606
499	538
499	429
499	505
499	450
499	536
499	71
499	60
499	506
499	561
499	729
499	426
499	284
499	68
499	507
500	352
500	659
500	272
500	642
500	131
500	469
500	243
500	354
500	170
500	637
500	820
500	437
500	548
500	216
500	60
500	817
500	103
501	60
502	104
502	61
502	370
502	504
502	572
502	202
502	650
502	213
502	203
502	262
502	266
502	236
502	336
502	191
503	73
503	380
503	1049
503	238
503	442
503	729
503	392
503	61
503	892
503	891
503	139
503	142
503	980
503	382
503	331
503	385
503	919
503	395
503	433
503	141
503	723
503	725
503	894
503	134
503	832
503	548
503	242
503	298
503	551
504	353
504	735
504	502
504	139
504	145
504	572
504	740
504	73
504	148
504	61
505	68
505	524
505	508
505	62
505	499
505	63
505	284
506	146
506	71
506	426
506	508
506	62
506	889
506	606
506	450
506	561
506	539
506	414
506	499
506	89
506	516
506	998
506	941
507	426
507	510
507	754
507	475
507	484
507	62
507	606
507	717
507	284
507	508
507	70
507	499
508	426
508	520
508	505
508	1049
508	506
508	507
508	711
508	68
508	62
509	281
509	63
509	67
509	64
509	429
509	89
509	484
509	71
510	507
510	64
510	67
510	71
510	70
511	697
511	907
511	903
511	1050
511	888
511	774
511	808
511	64
511	833
511	340
511	247
511	895
511	832
511	197
511	991
512	847
512	807
512	470
512	756
512	459
512	332
512	1033
512	237
512	64
512	563
512	485
512	418
513	1051
513	64
514	65
514	315
514	454
514	451
514	357
514	770
515	66
516	426
516	506
516	117
516	440
516	490
516	66
516	319
517	591
517	226
517	593
517	192
517	599
517	600
517	84
517	87
517	598
517	531
517	214
517	66
517	835
518	66
519	67
519	428
519	136
519	81
519	304
520	508
520	764
520	358
520	68
520	710
520	577
520	1015
520	469
520	528
521	482
521	606
521	490
521	68
522	68
522	821
522	348
522	1052
522	764
522	361
522	527
522	313
522	417
522	569
522	465
522	545
523	134
523	68
523	577
524	68
524	505
525	68
526	901
526	528
526	313
526	557
526	911
526	68
526	1053
527	72
527	764
527	821
527	522
527	548
527	225
527	68
528	557
528	520
528	902
528	526
528	68
529	69
529	949
530	69
530	880
531	332
531	704
531	315
531	226
531	334
531	236
531	686
531	1054
531	181
531	830
531	109
531	279
531	679
531	366
531	112
531	69
531	166
531	217
531	116
531	119
531	167
531	517
531	354
531	653
532	459
532	756
532	611
532	70
532	135
533	71
533	232
533	307
534	71
534	1055
534	414
535	71
535	130
536	71
536	499
537	352
537	371
537	71
537	450
537	414
537	949
537	1056
537	391
537	105
538	499
538	442
538	71
539	284
539	71
539	506
539	149
539	433
539	410
540	234
540	343
540	71
540	548
540	307
540	1008
541	283
541	755
541	388
541	724
541	433
541	725
541	551
541	298
541	728
541	409
541	887
541	832
541	71
541	395
541	885
541	328
542	557
542	616
542	72
542	355
542	580
542	419
542	720
542	332
542	334
542	121
542	432
542	686
542	331
542	428
542	328
542	330
542	383
542	283
542	409
542	1033
542	708
543	72
543	361
544	580
544	121
544	708
544	199
544	299
544	104
544	72
544	332
544	720
544	640
544	216
544	134
544	470
544	402
544	338
544	464
545	522
545	1052
545	428
545	1057
545	72
545	568
546	131
546	72
546	290
547	357
547	457
547	72
548	73
548	185
548	830
548	567
548	465
548	180
548	466
548	414
548	563
548	540
548	659
548	503
548	222
548	527
548	1058
548	483
548	550
548	764
548	815
548	343
548	500
549	73
550	764
550	182
550	73
550	548
550	345
550	307
551	725
551	467
551	433
551	884
551	541
551	885
551	755
551	787
551	570
551	886
551	887
551	388
551	298
551	728
551	724
551	412
551	729
551	589
551	406
551	503
551	355
551	380
551	395
551	410
551	73
551	411
551	437
551	883
552	75
552	567
552	1059
552	662
552	73
552	1060
552	852
553	868
553	927
553	848
553	1061
553	1006
553	478
553	564
553	708
553	823
553	867
553	563
553	421
553	474
553	277
553	136
553	459
553	428
553	338
553	480
553	350
553	73
553	100
553	80
554	220
554	311
554	859
554	247
554	832
554	686
554	1062
554	1008
554	774
554	591
554	833
554	73
554	123
555	74
555	572
555	266
555	143
556	151
556	572
556	74
556	720
556	266
556	719
557	911
557	902
557	542
557	1053
557	313
557	901
557	528
557	526
557	74
557	332
557	467
558	184
558	151
558	74
558	143
558	740
559	74
559	1063
559	211
560	911
560	901
560	1053
560	1064
560	859
560	1065
560	74
561	587
561	653
561	506
561	499
561	659
561	567
561	315
561	187
561	768
561	75
561	676
561	577
561	351
562	75
562	181
562	171
562	164
562	167
562	119
562	120
563	995
563	868
563	553
563	459
563	994
563	452
563	548
563	761
563	343
563	867
563	823
563	848
563	577
563	237
563	847
563	277
563	483
563	708
563	332
563	75
563	330
563	446
563	956
563	418
563	477
563	486
563	807
563	480
563	263
563	478
563	421
563	482
563	659
563	512
563	1025
564	135
564	485
564	815
564	338
564	553
564	132
564	286
564	75
564	823
564	1037
565	182
565	566
565	75
565	881
565	189
566	182
566	186
566	565
566	189
566	75
566	86
567	352
567	655
567	278
567	134
567	343
567	75
567	552
567	548
567	256
567	597
567	1060
567	561
567	234
567	93
567	414
567	321
567	659
567	953
567	267
567	444
568	75
568	184
568	545
568	118
568	668
568	123
568	116
568	113
568	109
568	119
569	522
569	75
570	340
570	594
570	887
570	884
570	885
570	787
570	551
570	755
570	433
570	298
570	886
570	725
570	388
570	395
570	75
571	75
571	611
571	398
571	959
571	979
571	183
571	255
571	658
572	145
572	139
572	299
572	266
572	184
572	144
572	502
572	556
572	403
572	83
572	353
572	415
572	189
572	146
572	147
572	504
572	149
572	709
572	340
572	850
572	202
572	555
572	75
572	148
572	151
572	467
573	332
573	419
573	91
573	76
573	399
574	77
575	135
575	338
575	78
576	78
576	79
577	141
577	79
577	1066
577	1067
577	610
577	402
577	1068
577	670
577	523
577	655
577	381
577	1069
577	210
577	520
577	188
577	602
577	184
577	603
577	149
577	658
577	340
577	1070
577	326
577	352
577	810
577	226
577	865
577	890
577	241
577	217
577	561
577	187
577	563
577	104
577	383
577	714
577	453
578	79
578	368
578	183
578	843
579	79
579	185
580	685
580	544
580	542
580	328
580	399
580	79
581	79
581	100
581	756
582	79
583	288
583	161
583	326
583	197
583	400
583	160
583	175
583	805
583	296
583	779
583	176
583	170
583	698
583	440
583	79
583	389
584	662
584	236
584	269
584	377
584	376
584	80
584	347
584	136
584	676
584	705
584	154
584	690
584	253
584	982
584	699
584	133
584	130
584	245
584	240
584	232
584	329
585	355
585	444
585	133
585	134
585	80
585	201
585	154
585	882
585	637
586	1030
586	80
586	337
586	1071
587	81
587	951
587	105
587	454
587	653
587	952
587	769
587	768
587	655
587	659
587	351
587	950
587	654
587	466
587	561
587	187
587	818
587	771
587	1072
587	136
587	444
587	242
587	240
587	953
587	377
587	451
587	268
587	686
587	80
588	661
588	186
588	81
589	939
589	355
589	411
589	742
589	746
589	944
589	743
589	960
589	945
589	747
589	723
589	590
589	346
589	152
589	238
589	755
589	82
589	412
589	232
589	298
589	551
589	142
589	729
589	297
590	283
590	141
590	723
590	944
590	380
590	408
590	238
590	275
590	83
590	725
590	589
590	142
590	743
590	387
590	331
590	242
590	355
590	152
590	724
590	742
590	386
590	745
591	1073
591	221
591	594
591	290
591	649
591	192
591	214
591	593
591	84
591	326
591	894
591	554
591	724
591	517
591	218
592	1074
592	744
592	115
592	1075
592	381
592	84
592	694
592	273
593	591
593	192
593	273
593	599
593	87
593	517
593	84
593	197
593	647
593	203
593	598
593	600
593	204
593	445
593	221
593	214
593	126
593	694
594	591
594	570
594	724
594	84
594	218
594	326
595	104
595	208
595	199
595	84
595	207
595	741
595	785
596	85
596	93
596	597
597	85
597	707
597	1031
597	93
597	714
597	278
597	134
597	924
597	620
597	1076
597	596
597	567
597	97
597	653
597	1061
597	622
597	740
597	952
597	99
597	602
597	453
597	265
598	195
598	215
598	87
598	316
598	220
598	785
598	517
598	593
598	192
598	600
598	217
598	779
599	741
599	724
599	192
599	517
599	593
599	87
599	964
600	1045
600	517
600	593
600	87
600	598
600	192
601	92
601	88
601	464
601	98
601	622
601	188
601	621
601	182
602	453
602	92
602	620
602	854
602	457
602	88
602	577
602	740
602	597
602	629
602	337
602	89
602	185
602	463
603	620
603	182
603	89
603	88
603	453
603	577
604	89
604	417
604	484
605	134
605	93
605	871
605	375
605	89
606	506
606	133
606	521
606	482
606	1040
606	496
606	490
606	89
606	507
606	232
606	499
607	923
607	633
607	984
607	375
607	333
607	89
608	420
608	369
608	871
608	89
609	431
609	821
609	1077
609	966
609	95
609	611
609	1078
609	89
609	375
610	90
610	130
610	577
610	314
610	347
610	1000
610	613
611	967
611	375
611	1079
611	95
611	571
611	1080
611	135
611	984
611	609
611	922
611	333
611	1081
611	1082
611	416
611	1083
611	255
611	532
611	90
612	229
612	90
612	1018
613	853
613	255
613	90
613	699
613	130
613	268
613	610
613	102
614	90
615	91
616	542
616	91
616	1084
616	131
616	199
617	91
618	91
619	269
619	91
619	335
620	603
620	736
620	453
620	597
620	92
620	602
621	622
621	453
621	190
621	1012
621	601
621	188
621	92
622	92
622	601
622	453
622	188
622	597
622	621
623	453
623	463
623	236
623	820
623	92
624	182
624	453
624	676
624	463
624	92
625	92
625	463
626	92
626	635
626	97
627	92
628	682
628	197
628	639
628	117
628	217
628	206
628	92
628	326
628	325
629	93
629	871
629	375
629	602
630	93
630	236
631	350
631	457
631	93
631	94
631	460
631	428
631	490
631	269
632	162
632	93
632	388
632	729
632	858
632	236
632	232
632	142
632	242
633	607
633	984
633	923
633	95
633	871
633	968
633	1077
633	333
633	375
634	97
635	736
635	626
635	97
635	1013
635	433
636	100
637	676
637	131
637	500
637	100
637	185
637	465
637	337
637	585
638	102
638	185
639	628
639	322
639	103
639	439
639	217
640	199
640	104
640	642
640	128
640	641
640	645
640	644
640	332
640	544
640	445
641	104
641	199
641	642
641	640
641	115
641	215
641	214
641	197
641	209
642	640
642	500
642	104
642	199
642	644
642	128
642	641
643	104
644	640
644	199
644	104
644	642
645	407
645	199
645	104
645	640
646	126
646	104
646	786
646	782
646	197
646	785
646	220
646	199
647	377
647	791
647	115
647	593
647	207
647	204
647	126
647	694
647	104
648	659
648	141
648	139
648	157
648	772
648	467
648	782
648	104
648	198
648	126
648	193
649	591
649	774
649	334
649	218
649	200
649	695
649	697
649	213
649	104
649	438
650	502
650	1085
650	104
651	414
651	451
651	105
652	852
652	105
653	659
653	454
653	587
653	769
653	351
653	768
653	655
653	466
653	561
653	187
653	771
653	451
653	105
653	597
653	278
653	531
654	587
654	105
655	567
655	653
655	587
655	577
655	105
655	451
655	768
655	952
655	351
656	824
656	401
656	390
656	978
656	845
656	660
656	267
656	105
656	451
656	751
657	332
657	934
657	1086
657	1087
657	986
657	105
657	1088
657	339
657	307
658	852
658	424
658	267
658	378
658	571
658	577
658	105
658	255
659	454
659	587
659	351
659	768
659	653
659	466
659	561
659	187
659	771
659	343
659	500
659	648
659	1059
659	256
659	367
659	422
659	961
659	232
659	663
659	548
659	567
659	563
659	105
659	676
660	753
660	157
660	1083
660	751
660	703
660	983
660	105
660	656
660	337
660	394
660	377
661	414
661	315
661	450
661	714
661	588
661	136
661	234
661	451
661	155
661	105
661	377
662	584
662	480
662	705
662	690
662	105
662	552
662	1089
662	267
662	451
662	133
662	187
663	659
663	1090
663	105
664	989
664	105
665	106
665	354
665	323
665	258
666	106
667	114
667	354
667	289
667	494
667	106
667	879
667	693
668	178
668	113
668	118
668	568
668	119
668	109
669	111
670	577
670	835
670	111
670	354
670	194
670	289
670	279
670	777
670	1091
671	129
671	366
671	112
671	209
671	258
672	328
672	114
673	223
673	114
674	366
674	874
674	479
674	1046
674	194
674	693
674	488
674	223
674	114
675	304
675	115
675	209
676	343
676	253
676	154
676	584
676	212
676	115
676	403
676	130
676	637
676	659
676	624
676	561
677	222
677	115
677	195
678	115
679	1092
679	127
679	210
679	531
679	115
680	325
680	115
681	135
681	116
682	628
682	117
683	125
683	117
684	119
685	121
685	580
685	283
686	366
686	305
686	554
686	1006
686	432
686	249
686	703
686	121
686	702
686	350
686	198
686	542
686	691
686	587
686	531
686	155
686	697
686	1066
686	1000
686	452
686	433
687	299
687	366
687	451
687	883
687	121
687	213
688	121
688	494
688	272
688	488
688	693
689	123
690	974
690	705
690	662
690	133
690	584
690	852
690	480
690	195
690	167
690	354
690	434
690	123
691	320
691	232
691	883
691	213
691	124
691	148
691	199
691	218
691	686
692	134
692	1085
692	354
692	289
692	124
692	366
693	1093
693	488
693	354
693	494
693	289
693	254
693	688
693	674
693	276
693	194
693	279
693	667
693	124
694	695
694	218
694	205
694	592
694	445
694	126
694	197
694	273
694	647
694	195
694	593
694	785
695	694
695	126
695	649
695	215
695	471
695	218
696	402
696	774
696	319
696	789
696	320
696	322
696	127
697	511
697	191
697	400
697	210
697	129
697	197
697	789
697	796
697	211
697	214
697	206
697	649
697	218
697	800
697	686
697	440
697	342
697	204
697	209
698	440
698	129
698	161
698	583
698	296
698	1094
698	400
698	805
698	986
698	878
699	182
699	839
699	458
699	130
699	584
699	497
699	613
700	398
700	458
700	130
700	839
700	1095
700	268
700	498
701	236
701	268
701	249
701	130
701	155
702	782
702	686
702	130
703	686
703	453
703	774
703	660
703	372
703	130
704	236
704	414
704	408
704	531
704	193
704	995
704	1096
704	133
704	350
705	480
705	662
705	690
705	993
705	584
705	133
705	846
705	1097
705	1042
705	1037
705	1038
705	754
706	852
706	1009
706	824
706	457
706	953
706	315
706	236
706	357
706	133
707	597
707	133
707	453
708	544
708	133
708	480
708	815
708	1037
708	1034
708	482
708	483
708	474
708	1097
708	237
708	563
708	848
708	553
708	542
709	572
709	266
709	720
709	850
709	134
709	732
709	731
710	136
710	358
710	251
710	268
710	312
710	185
710	860
710	1049
710	520
710	349
710	465
710	134
710	329
710	232
710	899
711	134
711	794
711	312
711	314
711	508
712	134
712	377
713	1098
713	134
713	987
714	661
714	182
714	949
714	597
714	134
714	577
715	255
715	135
716	135
717	811
717	259
717	507
717	135
717	312
718	907
718	139
718	266
718	147
718	140
719	556
719	139
719	353
719	146
720	148
720	542
720	556
720	544
720	139
720	709
721	139
722	141
722	736
722	140
722	151
722	142
723	944
723	743
723	590
723	182
723	939
723	503
723	331
723	433
723	388
723	746
723	412
723	355
723	589
723	985
723	1099
723	957
723	395
723	940
723	745
723	945
723	411
723	141
724	725
724	218
724	355
724	290
724	591
724	728
724	594
724	797
724	198
724	437
724	599
724	283
724	786
724	142
724	590
724	729
724	541
724	551
724	298
724	389
724	407
725	728
725	724
725	433
725	182
725	551
725	541
725	388
725	298
725	384
725	409
725	977
725	884
725	885
725	755
725	787
725	570
725	886
725	887
725	503
725	590
725	408
725	142
725	411
726	142
726	350
727	730
727	991
727	1002
727	975
727	142
728	433
728	724
728	541
728	283
728	551
728	437
728	725
728	388
728	298
728	142
728	408
728	858
728	304
729	392
729	755
729	406
729	982
729	385
729	944
729	632
729	724
729	298
729	503
729	589
729	981
729	551
729	499
729	331
729	380
729	142
729	980
729	371
730	973
730	727
730	1002
730	405
730	407
730	991
730	449
730	142
731	143
731	709
732	143
732	709
733	820
733	375
733	143
734	151
734	144
735	370
735	184
735	504
735	936
735	144
735	340
736	620
736	722
736	151
736	635
736	145
736	148
737	146
737	792
738	151
738	146
739	151
740	156
740	597
740	602
740	504
740	151
740	558
741	184
741	221
741	151
741	964
741	595
741	599
742	747
742	944
742	152
742	395
742	589
742	943
742	745
742	332
742	411
742	346
742	590
743	745
743	944
743	744
743	355
743	589
743	152
743	782
743	723
743	590
743	747
744	411
744	939
744	743
744	747
744	944
744	152
744	355
744	745
744	395
744	592
745	944
745	743
745	744
745	590
745	742
745	346
745	747
745	152
745	723
746	589
746	355
746	395
746	723
746	152
747	745
747	743
747	939
747	742
747	346
747	744
747	395
747	433
747	1074
747	152
747	589
748	305
748	413
748	156
748	442
749	270
749	357
749	871
749	416
749	355
749	157
749	377
750	157
751	656
751	157
751	660
751	390
751	394
752	394
752	753
752	157
752	377
753	811
753	157
753	752
753	660
754	507
754	157
754	259
754	417
754	705
755	433
755	275
755	729
755	430
755	589
755	298
755	541
755	884
755	885
755	787
755	551
755	570
755	725
755	886
755	887
755	388
755	397
755	395
755	774
755	158
756	459
756	1044
756	159
756	470
756	1026
756	807
756	512
756	485
756	1100
756	1019
756	532
756	1024
756	847
756	486
756	1025
756	581
756	475
757	159
758	159
759	162
760	455
760	934
760	338
760	339
760	929
760	307
760	175
761	563
761	181
762	181
763	182
763	497
763	1047
764	520
764	465
764	794
764	522
764	821
764	550
764	527
764	1101
764	182
764	1052
764	358
764	548
764	312
765	182
765	186
765	773
766	364
766	267
766	184
766	366
766	394
766	353
767	1102
767	185
768	187
768	769
768	466
768	952
768	659
768	587
768	351
768	655
768	653
768	561
768	357
768	255
769	818
769	653
769	587
769	974
769	768
769	466
769	187
769	1072
770	514
770	1103
770	952
770	187
771	187
771	587
771	653
771	450
771	659
771	818
772	975
772	188
772	410
772	648
773	895
773	188
773	463
773	765
774	832
774	247
774	703
774	649
774	330
774	191
774	883
774	192
774	442
774	808
774	511
774	554
774	833
774	428
774	755
774	197
774	216
774	229
774	407
774	406
774	419
774	696
775	239
775	191
776	195
776	193
777	336
777	194
777	670
778	195
779	316
779	215
779	198
779	583
779	195
779	197
779	288
779	598
779	220
779	214
779	785
779	217
779	196
779	326
780	389
780	195
780	210
780	288
781	196
782	702
782	743
782	292
782	204
782	648
782	646
782	197
782	785
783	889
783	935
783	884
783	379
783	894
783	381
783	384
783	380
783	890
783	383
783	198
784	198
785	220
785	362
785	214
785	598
785	198
785	779
785	288
785	215
785	595
785	646
785	782
785	389
785	694
786	724
786	646
786	199
787	433
787	884
787	885
787	755
787	570
787	886
787	887
787	551
787	199
787	388
787	409
787	725
787	298
788	202
789	697
789	696
789	203
789	218
790	203
791	647
791	211
791	218
791	207
791	210
791	204
792	1066
792	1068
792	1004
792	1104
792	1077
792	211
792	212
792	737
793	808
793	211
793	216
794	314
794	711
794	764
794	312
794	1065
794	902
794	211
795	383
795	212
795	360
796	697
796	212
797	724
797	215
797	400
798	217
798	925
799	218
800	697
800	218
801	432
801	400
801	389
801	1105
801	219
802	221
803	221
804	222
805	223
805	494
805	698
805	224
805	583
805	440
806	849
806	226
807	470
807	512
807	227
807	1096
807	563
807	847
807	756
807	1033
807	418
807	1022
808	442
808	247
808	774
808	832
808	833
808	378
808	511
808	388
808	229
808	793
809	469
809	253
809	333
809	230
810	232
810	1036
810	301
810	479
810	956
810	577
811	753
811	717
811	845
811	232
811	238
812	232
812	238
813	232
813	824
814	269
814	232
815	848
815	846
815	446
815	548
815	822
815	232
815	564
815	269
815	708
816	428
816	233
816	307
816	455
816	424
817	989
817	461
817	500
817	234
818	769
818	952
818	1057
818	951
818	466
818	771
818	587
818	236
819	852
819	236
820	733
820	463
820	500
820	236
820	453
820	623
821	764
821	609
821	431
821	522
821	1052
821	527
821	236
822	237
822	815
823	564
823	1035
823	421
823	553
823	237
823	563
823	869
823	867
823	446
823	277
823	1106
824	706
824	238
824	656
824	813
825	239
825	242
826	414
826	315
826	240
826	330
827	241
827	1061
828	269
828	242
828	350
829	242
830	548
830	242
830	975
830	531
831	243
832	774
832	808
832	378
832	247
832	833
832	511
832	387
832	541
832	907
832	503
832	554
833	442
833	247
833	774
833	832
833	808
833	554
833	1107
833	511
834	390
834	250
835	1108
835	858
835	467
835	469
835	450
835	1009
835	270
835	254
835	1109
835	670
835	1110
835	517
836	837
836	254
836	289
836	879
837	254
837	366
837	836
837	354
837	289
838	254
838	286
839	458
839	424
839	699
839	700
839	979
839	398
839	255
839	457
839	390
840	255
840	352
841	458
841	255
842	256
843	307
843	578
843	256
843	350
844	259
845	391
845	339
845	811
845	656
845	259
845	394
846	1097
846	1042
846	1034
846	1038
846	277
846	300
846	263
846	815
846	480
846	705
847	756
847	470
847	1044
847	807
847	459
847	563
847	263
847	512
847	418
847	277
847	1097
847	485
847	1033
848	300
848	481
848	563
848	1034
848	263
848	474
848	1042
848	815
848	553
848	708
848	1036
848	478
848	1097
849	806
849	264
850	709
850	415
850	266
850	572
851	266
852	658
852	706
852	652
852	928
852	690
852	819
852	267
852	552
853	613
853	868
853	268
854	602
854	1111
854	870
854	922
854	268
854	867
854	868
855	269
856	269
857	269
858	387
858	275
858	353
858	1112
858	270
858	728
858	408
858	632
858	835
859	270
859	962
859	431
859	1004
859	311
859	906
859	554
859	560
860	1049
860	270
860	988
860	332
860	987
860	710
861	272
862	273
863	367
863	274
863	426
864	975
864	1112
864	275
865	577
865	275
866	276
867	563
867	553
867	277
867	868
867	823
867	1111
867	854
867	869
867	481
867	426
868	1111
868	867
868	563
868	854
868	277
868	853
868	482
868	553
869	1034
869	475
869	823
869	867
869	870
869	332
869	277
869	1113
869	483
869	1037
869	350
870	854
870	869
870	277
870	483
871	369
871	416
871	633
871	278
871	608
871	749
871	629
871	605
871	375
872	286
873	488
873	494
873	286
873	1114
873	354
874	674
874	479
874	294
874	286
874	494
875	286
876	296
876	286
877	488
877	286
877	494
877	1094
878	366
878	286
878	698
879	667
879	836
879	289
880	329
880	307
880	341
880	295
880	530
881	376
881	565
881	296
881	440
882	297
882	585
883	433
883	298
883	687
883	428
883	388
883	382
883	551
883	774
883	691
883	340
883	1115
883	297
883	412
884	783
884	551
884	725
884	885
884	755
884	787
884	433
884	570
884	886
884	887
884	388
884	298
885	884
885	541
885	755
885	787
885	433
885	551
885	570
885	725
885	886
885	887
885	388
885	298
886	884
886	885
886	755
886	787
886	433
886	551
886	570
886	725
886	887
886	388
886	298
887	755
887	884
887	885
887	787
887	570
887	886
887	541
887	433
887	551
887	725
887	388
887	298
888	895
888	935
888	890
888	340
888	302
888	511
888	356
889	340
889	384
889	302
889	506
889	1116
889	381
889	380
889	783
889	387
889	395
889	977
890	340
890	906
890	888
890	895
890	302
890	356
890	783
890	577
890	383
891	430
891	503
891	302
891	392
891	380
891	408
891	409
891	340
891	383
891	395
892	503
892	392
892	302
892	331
893	980
893	1010
893	392
893	982
893	894
893	975
893	919
893	981
893	302
894	591
894	893
894	980
894	975
894	783
894	982
894	392
894	503
894	302
894	331
894	919
895	340
895	888
895	935
895	890
895	923
895	773
895	356
895	383
895	511
895	384
895	302
896	303
897	1117
897	305
897	428
898	310
898	899
898	305
899	305
899	1057
899	898
899	710
900	306
901	309
901	526
901	1065
901	313
901	560
901	557
901	391
901	911
902	557
902	794
902	309
902	528
903	430
903	311
903	1050
903	511
903	907
903	407
904	311
904	355
904	331
904	401
905	311
906	1003
906	1004
906	859
906	890
906	431
906	1066
906	1068
906	311
906	910
907	903
907	426
907	407
907	511
907	991
907	311
907	718
907	340
907	832
907	1002
907	335
908	312
909	1068
909	312
909	1066
909	1004
909	1104
909	1077
910	906
910	312
911	560
911	1065
911	526
911	901
911	557
911	313
911	1064
911	1053
911	467
912	315
913	315
913	451
913	414
914	321
914	445
914	318
915	320
916	321
917	325
918	1118
918	428
918	329
919	392
919	331
919	893
919	980
919	894
919	982
919	503
920	357
920	1089
920	332
921	459
921	485
921	332
921	1001
922	333
922	611
922	456
922	854
922	1022
923	895
923	607
923	984
923	633
923	333
924	333
924	597
925	798
925	334
926	432
926	336
927	338
927	1061
927	553
928	852
928	367
928	424
928	338
929	353
929	338
929	760
929	1119
930	338
930	1010
930	1120
931	962
931	1004
931	338
931	431
931	467
932	338
932	476
933	339
934	657
934	760
934	986
934	339
934	1086
935	783
935	340
935	381
935	888
935	895
936	340
936	735
936	409
937	383
937	340
937	386
938	343
939	744
939	940
939	589
939	747
939	723
939	346
939	945
940	939
940	941
940	723
940	346
941	940
941	346
941	957
941	506
941	397
942	411
942	395
942	346
943	395
943	346
943	742
944	590
944	723
944	589
944	742
944	745
944	743
944	744
944	729
944	346
944	355
945	355
945	589
945	939
945	723
945	346
946	348
947	349
948	349
949	351
949	529
949	951
949	714
949	450
949	537
950	587
950	351
951	587
951	949
951	818
951	351
951	466
952	768
952	367
952	391
952	587
952	655
952	597
952	770
952	818
952	351
953	364
953	587
953	567
953	352
953	368
953	706
953	961
954	353
955	354
956	421
956	810
956	1036
956	478
956	479
956	563
956	354
956	994
956	995
957	1062
957	1099
957	985
957	941
957	354
957	395
957	723
957	387
957	397
958	354
959	355
959	1121
959	571
959	398
960	355
960	589
961	953
961	364
961	367
961	357
961	659
962	859
962	931
962	431
962	361
963	366
964	741
964	467
964	366
964	599
965	366
966	375
966	609
967	611
967	402
967	1083
967	375
967	1079
968	375
968	633
969	375
970	375
971	376
972	376
973	730
973	377
974	769
974	377
974	690
975	397
975	772
975	379
975	727
975	864
975	893
975	830
975	392
975	980
975	894
975	982
976	381
977	725
977	889
977	388
978	656
978	497
978	495
978	1122
978	390
979	391
979	839
979	458
979	1067
979	571
980	894
980	919
980	975
980	1123
980	893
980	982
980	392
980	503
980	729
981	729
981	893
981	392
982	975
982	919
982	893
982	392
982	894
982	584
982	729
982	980
982	412
983	394
983	660
984	611
984	607
984	633
984	923
984	395
985	957
985	723
985	395
986	657
986	934
986	1086
986	400
986	698
987	860
987	713
987	401
987	1049
988	1049
988	860
988	401
989	1008
989	461
989	817
989	403
989	664
990	406
991	406
991	730
991	1002
991	727
991	907
991	511
992	433
992	409
993	417
993	705
994	476
994	481
994	485
994	459
994	1042
994	483
994	956
994	482
994	1111
994	563
994	995
994	1025
994	417
995	476
995	421
995	563
995	994
995	704
995	479
995	446
995	956
996	1122
996	422
997	426
997	1124
998	426
998	506
999	426
1000	1048
1000	610
1000	428
1000	457
1000	498
1000	1125
1000	686
1001	428
1001	459
1001	921
1002	730
1002	991
1002	727
1002	907
1002	430
1003	1066
1003	1004
1003	906
1003	1068
1003	1104
1003	431
1004	1003
1004	1066
1004	906
1004	1068
1004	1104
1004	1069
1004	431
1004	909
1004	859
1004	931
1004	792
1005	438
1006	474
1006	686
1006	553
1006	446
1007	482
1007	450
1008	461
1008	451
1008	554
1008	455
1008	1126
1008	989
1008	540
1009	706
1009	451
1009	466
1009	835
1010	893
1010	930
1010	451
1011	453
1012	453
1012	621
1012	463
1013	453
1013	635
1014	457
1015	457
1015	520
1016	458
1016	1067
1016	1018
1017	458
1018	458
1018	612
1018	1016
1018	1067
1019	474
1019	756
1019	459
1019	485
1019	476
1020	459
1021	482
1021	459
1022	1127
1022	485
1022	459
1022	922
1022	807
1023	459
1023	1096
1023	483
1024	756
1024	459
1025	756
1025	994
1025	486
1025	459
1025	1044
1025	563
1026	756
1026	459
1027	461
1028	463
1029	465
1030	586
1030	465
1031	597
1031	1068
1031	1077
1031	467
1032	467
1033	807
1033	470
1033	542
1033	847
1033	512
1034	1042
1034	846
1034	1038
1034	1097
1034	848
1034	869
1034	474
1034	708
1034	482
1034	1037
1035	476
1035	485
1035	823
1036	956
1036	478
1036	810
1036	479
1036	848
1037	708
1037	1034
1037	480
1037	564
1037	705
1037	869
1038	1034
1038	846
1038	1042
1038	1097
1038	705
1038	480
1039	482
1040	482
1040	496
1040	606
1040	490
1041	482
1042	1034
1042	846
1042	1097
1042	1038
1042	994
1042	482
1042	848
1042	705
1043	486
1044	756
1044	1111
1044	847
1044	486
1044	1025
1045	600
1045	488
1046	494
1046	674
1047	497
1047	763
1048	1000
1048	498
1049	860
1049	503
1049	508
1049	988
1049	987
1049	710
1050	903
1050	511
1051	513
1052	1128
1052	545
1052	522
1052	821
1052	764
1053	557
1053	911
1053	560
1053	526
1054	531
1055	534
1056	537
1057	899
1057	818
1057	545
1058	548
1059	552
1059	659
1060	567
1060	552
1061	927
1061	553
1061	827
1061	597
1062	554
1062	957
1063	559
1064	911
1064	560
1065	911
1065	901
1065	1104
1065	560
1065	794
1066	1004
1066	909
1066	792
1066	1069
1066	1068
1066	1104
1066	1077
1066	1003
1066	906
1066	686
1066	577
1067	577
1067	1016
1067	979
1067	1018
1068	1003
1068	1066
1068	1004
1068	906
1068	1104
1068	909
1068	792
1068	1069
1068	1077
1068	577
1068	1031
1069	577
1069	1066
1069	1004
1069	1068
1069	1104
1070	577
1071	586
1072	1129
1072	587
1072	769
1073	591
1074	592
1074	747
1075	592
1076	597
1077	1066
1077	792
1077	1068
1077	633
1077	609
1077	909
1077	1031
1077	1078
1078	1077
1078	609
1079	967
1079	611
1079	1083
1079	1130
1080	611
1081	611
1082	611
1083	611
1083	1079
1083	967
1083	660
1084	616
1085	692
1085	650
1086	934
1086	986
1086	1131
1086	657
1087	657
1087	1088
1088	1087
1088	657
1089	662
1089	920
1090	663
1091	670
1092	679
1093	693
1094	698
1094	877
1095	700
1095	1132
1096	704
1096	807
1096	1023
1097	846
1097	1042
1097	1038
1097	1034
1097	708
1097	1111
1097	705
1097	847
1097	848
1098	713
1099	957
1099	723
1100	756
1101	764
1102	767
1103	770
1104	1003
1104	1066
1104	1004
1104	1069
1104	1068
1104	909
1104	792
1104	1065
1105	801
1106	823
1107	833
1108	835
1109	835
1110	835
1111	854
1111	994
1111	867
1111	868
1111	1044
1111	1097
1112	864
1112	858
1113	869
1114	873
1115	883
1116	889
1117	897
1118	918
1119	929
1120	930
1121	959
1122	996
1122	978
1123	980
1124	997
1125	1000
1126	1008
1127	1022
1128	1052
1129	1072
1130	1079
1131	1086
1132	1095
1132	1132
