0 7
0 23
0 34
0 41
0 45
0 59
0 73
0 77
0 80
0 94
0 97
0 98
0 99
0 100
0 102
0 103
0 107
0 130
0 131
0 153
0 158
0 167
0 170
1 13
1 53
1 149
2 114
2 152
2 166
2 171
3 4
3 12
3 25
3 76
3 84
3 101
3 137
3 146
3 152
3 155
3 166
3 168
3 171
3 172
3 175
3 188
3 4
4 12
4 18
4 20
4 25
4 26
4 27
4 28
4 50
4 52
4 53
4 56
4 72
4 74
4 75
4 76
4 78
4 84
4 85
4 89
4 95
4 96
4 101
4 123
4 125
4 127
4 135
4 137
4 139
4 143
4 146
4 148
4 152
4 154
4 155
4 162
4 166
4 168
4 171
4 172
4 175
4 188
4 190
4 193
4 195
4 196
5 151
5 156
6 9
6 10
6 13
6 18
6 35
6 48
6 52
6 54
6 55
6 56
6 59
6 60
6 66
6 68
6 69
6 70
6 71
6 73
6 80
6 82
6 86
6 92
6 93
6 94
6 102
6 107
6 110
6 111
6 112
6 113
6 121
6 124
6 126
6 128
6 129
6 131
6 135
6 140
6 145
6 149
6 150
6 157
6 160
6 163
6 167
6 169
6 170
6 176
6 177
6 184
6 189
6 191
6 192
6 193
6 194
6 195
6 196
0 7
7 34
7 45
7 59
7 88
7 94
7 97
7 98
7 99
7 100
7 109
7 117
7 120
7 130
7 131
7 135
7 141
7 153
7 167
7 170
7 173
8 10
8 22
8 31
8 37
8 70
8 79
8 110
8 115
8 116
8 117
8 120
8 121
8 134
8 136
8 138
8 152
8 161
8 167
8 178
8 188
6 9
9 10
9 13
9 48
9 52
9 56
9 59
9 60
9 68
9 69
9 70
9 73
9 86
9 102
9 111
9 112
9 113
9 126
9 129
9 140
9 150
9 157
9 160
9 163
9 191
9 194
9 195
6 10
8 10
9 10
10 22
10 31
10 37
10 48
10 52
10 56
10 70
10 79
10 111
10 112
10 113
10 134
10 138
10 157
10 160
10 161
10 163
10 178
10 188
10 195
11 17
11 18
11 30
11 48
11 52
11 53
11 54
11 55
11 56
11 59
11 60
11 70
11 72
11 82
11 113
11 128
11 169
11 193
11 194
11 195
11 196
3 12
4 12
12 24
12 25
12 27
12 72
12 84
12 85
12 91
12 101
12 127
12 139
12 146
12 147
12 148
12 152
12 154
12 155
12 166
12 168
12 171
12 172
12 175
12 188
12 190
1 13
6 13
9 13
13 53
13 59
13 60
13 68
13 69
13 86
13 95
13 111
13 113
13 126
13 129
13 140
13 149
13 150
13 157
13 160
13 163
13 184
13 185
13 191
13 193
13 194
14 15
14 23
14 47
14 80
14 90
14 103
14 104
14 106
14 15
15 23
15 47
15 77
15 80
15 90
15 103
15 104
15 106
16 61
16 135
11 17
17 18
17 28
17 30
17 49
17 52
17 53
17 54
17 55
17 56
17 59
17 60
17 72
17 76
17 85
17 87
17 89
17 95
17 113
17 127
17 128
17 130
17 131
17 135
17 139
17 146
17 148
17 157
17 166
17 171
17 182
17 183
17 190
17 193
17 194
17 195
17 196
4 18
6 18
11 18
17 18
18 19
18 30
18 48
18 52
18 53
18 54
18 55
18 56
18 59
18 60
18 69
18 128
18 129
18 135
18 184
18 191
18 193
18 194
18 195
18 196
18 19
19 23
19 59
19 69
19 77
19 79
19 86
19 135
19 136
19 157
19 167
4 20
21 42
21 80
21 82
21 97
21 98
21 99
21 100
21 104
21 107
21 130
21 131
21 135
21 163
21 169
21 173
21 177
21 181
21 193
21 196
8 22
10 22
22 31
22 37
22 59
22 79
22 110
22 134
22 138
22 161
22 167
22 178
22 188
0 23
14 23
15 23
19 23
23 34
23 41
23 42
23 45
23 47
23 59
23 73
23 77
23 79
23 80
23 90
23 98
23 99
23 102
23 103
23 104
23 106
23 107
23 131
23 135
23 153
23 167
23 170
23 173
23 181
12 24
24 91
24 116
24 147
24 148
24 152
3 25
4 25
12 25
25 27
25 28
25 72
25 76
25 84
25 85
25 89
25 95
25 101
25 123
25 127
25 137
25 139
25 146
25 148
25 152
25 154
25 155
25 166
25 168
25 171
25 172
25 175
25 177
25 183
25 188
25 190
25 197
4 26
26 28
26 50
26 75
26 95
26 125
26 127
26 143
26 146
26 148
26 152
26 166
26 171
4 27
12 27
25 27
27 28
27 72
27 76
27 84
27 85
27 89
27 95
27 101
27 123
27 127
27 137
27 139
27 146
27 148
27 152
27 154
27 155
27 166
27 171
27 172
27 175
27 183
27 188
27 190
27 197
4 28
17 28
25 28
26 28
27 28
28 50
28 72
28 75
28 76
28 85
28 87
28 89
28 95
28 96
28 123
28 125
28 127
28 135
28 137
28 139
28 143
28 146
28 148
28 152
28 166
28 168
28 171
28 175
28 183
28 190
28 197
29 33
11 30
17 30
18 30
30 31
30 52
30 53
30 54
30 55
30 56
30 59
30 60
30 105
30 110
30 122
30 128
30 169
30 193
30 194
30 195
30 196
8 31
10 31
22 31
30 31
31 32
31 34
31 37
31 39
31 43
31 57
31 59
31 60
31 61
31 62
31 63
31 64
31 65
31 79
31 90
31 97
31 98
31 99
31 100
31 104
31 105
31 106
31 107
31 108
31 109
31 110
31 121
31 122
31 130
31 131
31 134
31 138
31 153
31 161
31 167
31 178
31 188
31 32
32 34
32 37
32 39
32 43
32 57
32 59
32 61
32 62
32 63
32 64
32 65
32 90
32 97
32 98
32 99
32 100
32 104
32 105
32 106
32 107
32 108
32 109
32 115
32 118
32 121
32 122
32 130
32 131
32 133
32 134
32 153
32 167
32 178
29 33
33 69
33 82
33 191
0 34
7 34
23 34
31 34
32 34
34 39
34 43
34 45
34 57
34 59
34 61
34 62
34 63
34 64
34 65
34 67
34 73
34 77
34 94
34 97
34 98
34 99
34 100
34 102
34 103
34 104
34 105
34 106
34 107
34 108
34 109
34 121
34 122
34 130
34 131
34 134
34 153
34 165
34 167
34 169
34 170
34 178
34 186
6 35
35 48
35 52
35 53
35 54
35 55
35 59
35 66
35 69
35 71
35 80
35 82
35 86
35 128
35 149
35 157
35 160
35 163
35 169
35 173
35 177
35 191
35 193
35 194
35 195
35 196
36 89
36 132
36 152
36 154
36 179
8 37
10 37
22 37
31 37
32 37
37 39
37 43
37 62
37 79
37 90
37 104
37 115
37 118
37 133
37 134
37 138
37 161
37 178
37 188
38 50
38 79
38 115
38 148
38 152
38 180
31 39
32 39
34 39
37 39
39 43
39 57
39 59
39 61
39 62
39 63
39 64
39 65
39 90
39 97
39 98
39 99
39 100
39 104
39 105
39 106
39 107
39 108
39 109
39 115
39 118
39 121
39 122
39 130
39 131
39 133
39 134
39 153
39 167
39 178
40 44
40 76
40 85
40 87
40 95
40 96
40 135
0 41
23 41
41 45
41 49
41 80
41 103
41 105
41 122
41 135
41 158
41 181
41 182
21 42
23 42
42 58
42 77
42 80
42 81
42 82
42 97
42 98
42 99
42 100
42 104
42 107
42 117
42 120
42 121
42 130
42 131
42 135
42 142
42 157
42 161
42 163
42 169
42 173
42 177
42 181
42 193
42 196
31 43
32 43
34 43
37 43
39 43
43 49
43 57
43 59
43 61
43 62
43 63
43 64
43 65
43 67
43 90
43 97
43 98
43 99
43 100
43 104
43 105
43 106
43 107
43 108
43 109
43 121
43 122
43 130
43 131
43 134
43 138
43 153
43 165
43 167
43 170
43 178
43 186
40 44
44 76
44 85
44 87
44 95
44 96
44 135
0 45
7 45
23 45
34 45
41 45
45 49
45 59
45 80
45 94
45 97
45 98
45 99
45 100
45 103
45 105
45 122
45 130
45 131
45 153
45 158
45 167
45 170
45 182
46 154
46 166
46 179
14 47
15 47
23 47
47 80
47 90
47 103
47 104
47 106
6 48
9 48
10 48
11 48
18 48
35 48
48 51
48 52
48 53
48 56
48 59
48 66
48 68
48 69
48 70
48 78
48 82
48 89
48 111
48 112
48 113
48 117
48 120
48 124
48 126
48 129
48 135
48 141
48 142
48 148
48 149
48 157
48 160
48 161
48 163
48 173
48 177
48 184
48 191
48 193
48 194
48 195
17 49
41 49
43 49
45 49
49 52
49 55
49 59
49 63
49 64
49 65
49 67
49 80
49 87
49 105
49 109
49 110
49 113
49 122
49 130
49 131
49 138
49 157
49 165
49 167
49 178
49 182
49 195
4 50
26 50
28 50
38 50
50 74
50 75
50 78
50 95
50 125
50 127
50 135
50 143
50 146
50 148
50 152
50 166
50 171
50 173
50 180
48 51
51 52
51 59
51 82
51 87
51 195
4 52
6 52
9 52
10 52
11 52
17 52
18 52
30 52
35 52
48 52
49 52
51 52
52 53
52 54
52 55
52 56
52 59
52 60
52 66
52 70
52 80
52 82
52 87
52 110
52 111
52 112
52 113
52 128
52 130
52 131
52 148
52 149
52 157
52 160
52 163
52 169
52 177
52 182
52 193
52 194
52 195
52 196
1 53
4 53
11 53
13 53
17 53
18 53
30 53
35 53
48 53
52 53
53 54
53 55
53 56
53 59
53 60
53 66
53 68
53 69
53 82
53 86
53 92
53 93
53 95
53 110
53 124
53 128
53 129
53 145
53 148
53 149
53 157
53 160
53 163
53 167
53 169
53 173
53 176
53 177
53 185
53 189
53 191
53 192
53 193
53 194
53 195
53 196
6 54
11 54
17 54
18 54
30 54
35 54
52 54
53 54
54 55
54 56
54 59
54 60
54 66
54 80
54 82
54 128
54 149
54 157
54 163
54 169
54 177
54 193
54 194
54 195
54 196
6 55
11 55
17 55
18 55
30 55
35 55
49 55
52 55
53 55
54 55
55 56
55 59
55 60
55 66
55 80
55 82
55 87
55 110
55 113
55 128
55 130
55 131
55 149
55 157
55 163
55 169
55 177
55 182
55 193
55 194
55 195
55 196
4 56
6 56
9 56
10 56
11 56
17 56
18 56
30 56
48 56
52 56
53 56
54 56
55 56
56 59
56 60
56 69
56 70
56 82
56 88
56 110
56 111
56 112
56 113
56 120
56 128
56 129
56 135
56 141
56 157
56 160
56 163
56 184
56 191
56 193
56 194
56 195
56 196
31 57
32 57
34 57
39 57
43 57
57 59
57 61
57 62
57 63
57 64
57 65
57 97
57 98
57 99
57 100
57 104
57 105
57 106
57 107
57 108
57 109
57 121
57 122
57 130
57 131
57 134
57 153
57 161
57 167
57 178
57 186
57 187
42 58
58 81
58 98
58 99
58 117
58 120
58 121
58 135
58 142
58 157
58 161
58 173
0 59
6 59
7 59
9 59
11 59
13 59
17 59
18 59
19 59
22 59
23 59
30 59
31 59
32 59
34 59
35 59
39 59
43 59
45 59
48 59
49 59
51 59
52 59
53 59
54 59
55 59
56 59
57 59
59 60
59 61
59 62
59 63
59 64
59 65
59 67
59 68
59 69
59 71
59 77
59 79
59 80
59 82
59 87
59 88
59 90
59 92
59 93
59 94
59 97
59 98
59 99
59 100
59 104
59 105
59 106
59 107
59 108
59 109
59 110
59 111
59 113
59 117
59 120
59 121
59 122
59 124
59 126
59 128
59 129
59 130
59 131
59 134
59 135
59 140
59 141
59 145
59 149
59 150
59 153
59 157
59 160
59 163
59 165
59 167
59 170
59 173
59 178
59 182
59 186
59 189
59 191
59 192
59 193
59 194
59 195
59 196
6 60
9 60
11 60
13 60
17 60
18 60
30 60
31 60
52 60
53 60
54 60
55 60
56 60
59 60
60 68
60 69
60 105
60 110
60 111
60 113
60 122
60 126
60 128
60 129
60 140
60 150
60 157
60 176
60 191
60 193
60 194
60 195
60 196
16 61
31 61
32 61
34 61
39 61
43 61
57 61
59 61
61 62
61 63
61 64
61 65
61 97
61 98
61 99
61 100
61 104
61 105
61 106
61 107
61 108
61 109
61 121
61 122
61 130
61 131
61 134
61 153
61 167
61 178
31 62
32 62
34 62
37 62
39 62
43 62
57 62
59 62
61 62
62 63
62 64
62 65
62 90
62 97
62 98
62 99
62 100
62 104
62 105
62 106
62 107
62 108
62 109
62 121
62 122
62 130
62 131
62 134
62 153
62 167
62 178
31 63
32 63
34 63
39 63
43 63
49 63
57 63
59 63
61 63
62 63
63 64
63 65
63 97
63 98
63 99
63 100
63 104
63 105
63 106
63 107
63 108
63 109
63 121
63 122
63 130
63 131
63 134
63 138
63 153
63 167
63 169
63 178
31 64
32 64
34 64
39 64
43 64
49 64
57 64
59 64
61 64
62 64
63 64
64 65
64 97
64 98
64 99
64 100
64 104
64 105
64 106
64 107
64 108
64 109
64 121
64 122
64 130
64 131
64 134
64 135
64 138
64 153
64 167
64 169
64 178
31 65
32 65
34 65
39 65
43 65
49 65
57 65
59 65
61 65
62 65
63 65
64 65
65 97
65 98
65 99
65 100
65 104
65 105
65 106
65 107
65 108
65 109
65 121
65 122
65 130
65 131
65 134
65 135
65 138
65 153
65 167
65 169
65 178
65 181
6 66
35 66
48 66
52 66
53 66
54 66
55 66
66 69
66 80
66 82
66 83
66 86
66 102
66 126
66 133
66 134
66 135
66 148
66 149
66 157
66 158
66 163
66 169
66 173
66 177
66 191
66 193
66 194
66 195
34 67
43 67
49 67
59 67
67 98
67 100
67 131
67 134
67 153
67 165
67 167
67 170
67 182
67 186
6 68
9 68
13 68
48 68
53 68
59 68
60 68
68 69
68 72
68 85
68 86
68 87
68 89
68 92
68 93
68 94
68 95
68 98
68 107
68 108
68 109
68 110
68 111
68 113
68 117
68 120
68 121
68 124
68 126
68 129
68 131
68 135
68 140
68 141
68 142
68 145
68 149
68 150
68 157
68 160
68 163
68 167
68 170
68 173
68 174
68 176
68 182
68 185
68 189
68 191
68 192
68 193
68 194
6 69
9 69
13 69
18 69
19 69
33 69
35 69
48 69
53 69
56 69
59 69
60 69
66 69
68 69
69 72
69 82
69 85
69 86
69 87
69 92
69 93
69 94
69 95
69 98
69 107
69 109
69 110
69 111
69 113
69 117
69 120
69 121
69 124
69 126
69 129
69 131
69 135
69 140
69 141
69 142
69 145
69 149
69 150
69 157
69 160
69 163
69 166
69 167
69 169
69 170
69 173
69 174
69 176
69 177
69 182
69 184
69 185
69 189
69 191
69 192
69 193
69 194
6 70
8 70
9 70
10 70
11 70
48 70
52 70
56 70
70 71
70 73
70 82
70 102
70 110
70 111
70 112
70 113
70 115
70 116
70 117
70 120
70 121
70 136
70 149
70 152
70 157
70 160
70 163
70 167
70 194
70 195
6 71
35 71
59 71
70 71
71 73
71 102
71 149
71 160
71 163
4 72
11 72
12 72
17 72
25 72
27 72
28 72
68 72
69 72
72 76
72 84
72 85
72 87
72 89
72 95
72 98
72 109
72 127
72 135
72 139
72 142
72 146
72 148
72 154
72 155
72 166
72 171
72 173
72 183
72 188
72 190
0 73
6 73
9 73
23 73
34 73
70 73
71 73
73 77
73 86
73 102
73 103
73 107
73 111
73 113
73 149
73 153
73 160
73 163
73 167
73 170
4 74
50 74
74 75
74 78
74 85
74 95
74 125
74 127
74 135
74 143
74 146
74 148
74 162
74 166
74 171
74 173
74 197
4 75
26 75
28 75
50 75
74 75
75 78
75 95
75 125
75 127
75 135
75 143
75 146
75 148
75 152
75 171
75 173
3 76
4 76
17 76
25 76
27 76
28 76
40 76
44 76
72 76
76 84
76 85
76 87
76 89
76 95
76 96
76 101
76 123
76 127
76 135
76 137
76 139
76 146
76 148
76 166
76 168
76 171
76 172
76 183
76 190
0 77
15 77
19 77
23 77
34 77
42 77
59 77
73 77
77 79
77 90
77 94
77 98
77 99
77 102
77 103
77 107
77 135
77 136
77 153
77 157
77 167
77 170
77 173
77 178
77 181
77 187
4 78
48 78
50 78
74 78
75 78
78 85
78 95
78 117
78 125
78 127
78 135
78 141
78 142
78 143
78 146
78 148
78 162
78 166
78 171
78 173
8 79
10 79
19 79
22 79
23 79
31 79
37 79
38 79
59 79
77 79
79 90
79 94
79 134
79 138
79 161
79 167
79 178
79 180
79 188
0 80
6 80
14 80
15 80
21 80
23 80
35 80
41 80
42 80
45 80
47 80
49 80
52 80
54 80
55 80
59 80
66 80
80 82
80 97
80 98
80 99
80 100
80 103
80 104
80 105
80 107
80 122
80 130
80 131
80 135
80 149
80 157
80 163
80 169
80 173
80 177
80 181
80 182
80 193
80 194
80 195
80 196
42 81
58 81
81 98
81 117
81 120
81 121
81 135
81 142
6 82
11 82
21 82
33 82
35 82
42 82
48 82
51 82
52 82
53 82
54 82
55 82
56 82
59 82
66 82
69 82
70 82
80 82
82 83
82 86
82 88
82 89
82 97
82 98
82 99
82 100
82 102
82 104
82 107
82 108
82 110
82 113
82 117
82 120
82 126
82 130
82 131
82 133
82 134
82 135
82 136
82 140
82 141
82 148
82 149
82 157
82 158
82 163
82 167
82 169
82 173
82 177
82 181
82 184
82 191
82 193
82 194
82 195
82 196
66 83
82 83
83 117
83 128
83 133
83 134
83 135
83 157
83 158
83 169
83 174
83 182
83 193
83 194
3 84
4 84
12 84
25 84
27 84
72 84
76 84
84 85
84 101
84 127
84 139
84 146
84 148
84 154
84 155
84 166
84 168
84 188
84 190
4 85
12 85
17 85
25 85
27 85
28 85
40 85
44 85
68 85
69 85
72 85
74 85
76 85
78 85
84 85
85 87
85 89
85 95
85 96
85 101
85 123
85 127
85 135
85 137
85 139
85 146
85 148
85 152
85 154
85 155
85 162
85 166
85 168
85 171
85 172
85 175
85 183
85 188
85 190
85 197
6 86
9 86
13 86
19 86
35 86
53 86
66 86
68 86
69 86
73 86
82 86
86 95
86 102
86 111
86 113
86 129
86 149
86 157
86 160
86 163
86 185
86 191
86 193
86 194
17 87
28 87
40 87
44 87
49 87
51 87
52 87
55 87
59 87
68 87
69 87
72 87
76 87
85 87
87 89
87 95
87 96
87 98
87 109
87 113
87 127
87 130
87 131
87 135
87 139
87 142
87 146
87 148
87 157
87 166
87 171
87 173
87 182
87 183
87 190
87 195
7 88
56 88
59 88
82 88
88 94
88 117
88 120
88 126
88 131
88 135
88 140
88 141
88 148
88 157
88 170
88 173
88 195
4 89
17 89
25 89
27 89
28 89
36 89
48 89
68 89
72 89
76 89
82 89
85 89
87 89
89 95
89 96
89 123
89 124
89 127
89 132
89 135
89 137
89 139
89 146
89 148
89 152
89 166
89 168
89 171
89 172
89 175
89 183
89 190
89 197
14 90
15 90
23 90
31 90
32 90
37 90
39 90
43 90
47 90
59 90
62 90
77 90
79 90
90 94
90 103
90 104
90 106
90 115
90 118
90 133
90 134
90 138
90 167
90 178
12 91
24 91
91 147
91 152
91 162
6 92
53 92
59 92
68 92
69 92
92 93
92 94
92 107
92 110
92 113
92 117
92 120
92 121
92 124
92 126
92 129
92 131
92 135
92 145
92 167
92 170
92 174
92 176
92 182
92 189
92 191
92 192
6 93
53 93
59 93
68 93
69 93
92 93
93 94
93 107
93 110
93 113
93 117
93 120
93 121
93 124
93 129
93 131
93 135
93 145
93 167
93 170
93 174
93 176
93 182
93 189
93 191
93 192
0 94
6 94
7 94
34 94
45 94
59 94
68 94
69 94
77 94
79 94
88 94
90 94
92 94
93 94
94 97
94 98
94 99
94 100
94 107
94 109
94 110
94 121
94 124
94 126
94 130
94 131
94 134
94 135
94 140
94 141
94 145
94 153
94 157
94 167
94 170
94 173
94 178
94 189
94 191
94 192
4 95
13 95
17 95
25 95
26 95
27 95
28 95
40 95
44 95
50 95
53 95
68 95
69 95
72 95
74 95
75 95
76 95
78 95
85 95
86 95
87 95
89 95
95 96
95 123
95 124
95 125
95 127
95 129
95 135
95 137
95 139
95 141
95 143
95 146
95 148
95 149
95 152
95 157
95 160
95 162
95 163
95 166
95 168
95 171
95 172
95 175
95 183
95 185
95 190
95 191
95 193
95 197
4 96
28 96
40 96
44 96
76 96
85 96
87 96
89 96
95 96
96 123
96 127
96 135
96 137
96 146
96 148
96 166
96 168
96 171
0 97
7 97
21 97
31 97
32 97
34 97
39 97
42 97
43 97
45 97
57 97
59 97
61 97
62 97
63 97
64 97
65 97
80 97
82 97
94 97
97 98
97 99
97 100
97 104
97 105
97 106
97 107
97 108
97 109
97 121
97 122
97 130
97 131
97 134
97 135
97 153
97 163
97 167
97 169
97 170
97 173
97 177
97 178
97 181
97 193
97 196
0 98
7 98
21 98
23 98
31 98
32 98
34 98
39 98
42 98
43 98
45 98
57 98
58 98
59 98
61 98
62 98
63 98
64 98
65 98
67 98
68 98
69 98
72 98
77 98
80 98
81 98
82 98
87 98
94 98
97 98
98 99
98 100
98 104
98 105
98 106
98 107
98 108
98 109
98 117
98 120
98 121
98 122
98 130
98 131
98 134
98 135
98 142
98 153
98 163
98 165
98 167
98 169
98 170
98 173
98 177
98 178
98 181
98 186
98 193
98 196
0 99
7 99
21 99
23 99
31 99
32 99
34 99
39 99
42 99
43 99
45 99
57 99
58 99
59 99
61 99
62 99
63 99
64 99
65 99
77 99
80 99
82 99
94 99
97 99
98 99
99 100
99 104
99 105
99 106
99 107
99 108
99 109
99 121
99 122
99 130
99 131
99 134
99 135
99 153
99 163
99 167
99 169
99 170
99 173
99 177
99 178
99 181
99 193
99 196
0 100
7 100
21 100
31 100
32 100
34 100
39 100
42 100
43 100
45 100
57 100
59 100
61 100
62 100
63 100
64 100
65 100
67 100
80 100
82 100
94 100
97 100
98 100
99 100
100 104
100 105
100 106
100 107
100 108
100 109
100 121
100 122
100 130
100 131
100 134
100 135
100 153
100 163
100 165
100 167
100 169
100 170
100 173
100 177
100 178
100 181
100 186
100 193
100 196
3 101
4 101
12 101
25 101
27 101
76 101
84 101
85 101
101 127
101 137
101 139
101 146
101 155
101 166
101 168
101 171
101 172
101 175
101 188
0 102
6 102
9 102
23 102
34 102
66 102
70 102
71 102
73 102
77 102
82 102
86 102
102 103
102 107
102 111
102 113
102 149
102 153
102 160
102 163
102 167
102 170
102 177
0 103
14 103
15 103
23 103
34 103
41 103
45 103
47 103
73 103
77 103
80 103
90 103
102 103
103 104
103 106
103 107
103 153
103 158
103 167
103 170
14 104
15 104
21 104
23 104
31 104
32 104
34 104
37 104
39 104
42 104
43 104
47 104
57 104
59 104
61 104
62 104
63 104
64 104
65 104
80 104
82 104
90 104
97 104
98 104
99 104
100 104
103 104
104 105
104 106
104 107
104 108
104 109
104 121
104 122
104 130
104 131
104 134
104 135
104 153
104 163
104 167
104 169
104 173
104 177
104 178
104 181
104 193
104 196
30 105
31 105
32 105
34 105
39 105
41 105
43 105
45 105
49 105
57 105
59 105
60 105
61 105
62 105
63 105
64 105
65 105
80 105
97 105
98 105
99 105
100 105
104 105
105 106
105 107
105 108
105 109
105 110
105 121
105 122
105 130
105 131
105 134
105 153
105 167
105 178
105 182
105 186
105 187
14 106
15 106
23 106
31 106
32 106
34 106
39 106
43 106
47 106
57 106
59 106
61 106
62 106
63 106
64 106
65 106
90 106
97 106
98 106
99 106
100 106
103 106
104 106
105 106
106 107
106 108
106 109
106 121
106 122
106 130
106 131
106 134
106 153
106 161
106 167
106 178
106 186
106 187
0 107
6 107
21 107
23 107
31 107
32 107
34 107
39 107
42 107
43 107
57 107
59 107
61 107
62 107
63 107
64 107
65 107
68 107
69 107
73 107
77 107
80 107
82 107
92 107
93 107
94 107
97 107
98 107
99 107
100 107
102 107
103 107
104 107
105 107
106 107
107 108
107 109
107 110
107 121
107 122
107 124
107 130
107 131
107 134
107 135
107 145
107 153
107 163
107 167
107 169
107 170
107 173
107 177
107 178
107 181
107 189
107 191
107 192
107 193
107 196
31 108
32 108
34 108
39 108
43 108
57 108
59 108
61 108
62 108
63 108
64 108
65 108
68 108
82 108
97 108
98 108
99 108
100 108
104 108
105 108
106 108
107 108
108 109
108 121
108 122
108 130
108 131
108 134
108 153
108 167
108 169
108 176
108 178
7 109
31 109
32 109
34 109
39 109
43 109
49 109
57 109
59 109
61 109
62 109
63 109
64 109
65 109
68 109
69 109
72 109
87 109
94 109
97 109
98 109
99 109
100 109
104 109
105 109
106 109
107 109
108 109
109 121
109 122
109 130
109 131
109 134
109 135
109 138
109 142
109 153
109 167
109 169
109 170
109 173
109 178
109 181
6 110
8 110
22 110
30 110
31 110
49 110
52 110
53 110
55 110
56 110
59 110
60 110
68 110
69 110
70 110
82 110
92 110
93 110
94 110
105 110
107 110
110 115
110 116
110 117
110 120
110 121
110 122
110 124
110 131
110 136
110 145
110 152
110 167
110 169
110 170
110 189
110 191
110 192
110 193
110 194
110 195
6 111
9 111
10 111
13 111
48 111
52 111
56 111
59 111
60 111
68 111
69 111
70 111
73 111
86 111
102 111
111 112
111 113
111 126
111 129
111 140
111 149
111 150
111 157
111 160
111 163
111 191
111 194
111 195
6 112
9 112
10 112
48 112
52 112
56 112
70 112
111 112
112 113
112 157
112 160
112 163
112 195
6 113
9 113
10 113
11 113
13 113
17 113
48 113
49 113
52 113
55 113
56 113
59 113
60 113
68 113
69 113
70 113
73 113
82 113
86 113
87 113
92 113
93 113
102 113
111 113
112 113
113 124
113 126
113 129
113 130
113 131
113 135
113 140
113 141
113 145
113 150
113 157
113 160
113 163
113 182
113 189
113 191
113 192
113 194
113 195
2 114
114 147
114 151
114 152
114 156
114 166
114 171
8 115
32 115
37 115
38 115
39 115
70 115
90 115
110 115
115 116
115 117
115 118
115 120
115 121
115 133
115 134
115 136
115 152
115 167
115 178
115 180
8 116
24 116
70 116
110 116
115 116
116 117
116 120
116 121
116 136
116 152
116 167
116 178
116 182
7 117
8 117
42 117
48 117
58 117
59 117
68 117
69 117
70 117
78 117
81 117
82 117
83 117
88 117
92 117
93 117
98 117
110 117
115 117
116 117
117 120
117 121
117 124
117 128
117 131
117 135
117 136
117 141
117 142
117 145
117 152
117 167
117 169
117 173
117 174
117 176
117 182
117 189
117 191
117 192
117 193
32 118
37 118
39 118
90 118
115 118
118 119
118 133
118 134
118 178
118 119
7 120
8 120
42 120
48 120
56 120
58 120
59 120
68 120
69 120
70 120
81 120
82 120
88 120
92 120
93 120
98 120
110 120
115 120
116 120
117 120
120 121
120 124
120 131
120 135
120 136
120 141
120 142
120 145
120 152
120 157
120 167
120 173
120 174
120 176
120 182
120 189
120 191
120 192
120 195
6 121
8 121
31 121
32 121
34 121
39 121
42 121
43 121
57 121
58 121
59 121
61 121
62 121
63 121
64 121
65 121
68 121
69 121
70 121
81 121
92 121
93 121
94 121
97 121
98 121
99 121
100 121
104 121
105 121
106 121
107 121
108 121
109 121
110 121
115 121
116 121
117 121
120 121
121 122
121 124
121 130
121 131
121 134
121 135
121 136
121 142
121 145
121 152
121 153
121 167
121 170
121 178
121 189
121 191
121 192
30 122
31 122
32 122
34 122
39 122
41 122
43 122
45 122
49 122
57 122
59 122
60 122
61 122
62 122
63 122
64 122
65 122
80 122
97 122
98 122
99 122
100 122
104 122
105 122
106 122
107 122
108 122
109 122
110 122
121 122
122 130
122 131
122 134
122 153
122 161
122 167
122 178
122 182
122 186
122 187
4 123
25 123
27 123
28 123
76 123
85 123
89 123
95 123
96 123
123 127
123 137
123 139
123 152
123 175
123 183
123 197
6 124
48 124
53 124
59 124
68 124
69 124
89 124
92 124
93 124
94 124
95 124
107 124
110 124
113 124
117 124
120 124
121 124
124 129
124 131
124 135
124 141
124 145
124 150
124 167
124 170
124 174
124 176
124 182
124 189
124 191
124 192
4 125
26 125
28 125
50 125
74 125
75 125
78 125
95 125
125 127
125 135
125 143
125 146
125 148
125 152
125 166
125 171
125 173
6 126
9 126
13 126
48 126
59 126
60 126
66 126
68 126
69 126
82 126
88 126
92 126
94 126
111 126
113 126
126 129
126 135
126 140
126 141
126 149
126 150
126 157
126 163
126 170
126 173
126 177
126 184
126 191
126 194
4 127
12 127
17 127
25 127
26 127
27 127
28 127
50 127
72 127
74 127
75 127
76 127
78 127
84 127
85 127
87 127
89 127
95 127
96 127
101 127
123 127
125 127
127 135
127 137
127 139
127 143
127 146
127 148
127 152
127 154
127 155
127 166
127 168
127 171
127 172
127 175
127 183
127 188
127 190
127 191
6 128
11 128
17 128
18 128
30 128
35 128
52 128
53 128
54 128
55 128
56 128
59 128
60 128
83 128
117 128
128 135
128 169
128 174
128 182
128 193
128 194
128 195
128 196
6 129
9 129
13 129
18 129
48 129
53 129
56 129
59 129
60 129
68 129
69 129
86 129
92 129
93 129
95 129
111 129
113 129
124 129
126 129
129 135
129 140
129 145
129 149
129 150
129 157
129 160
129 163
129 176
129 184
129 185
129 189
129 191
129 192
129 193
129 194
0 130
7 130
17 130
21 130
31 130
32 130
34 130
39 130
42 130
43 130
45 130
49 130
52 130
55 130
57 130
59 130
61 130
62 130
63 130
64 130
65 130
80 130
82 130
87 130
94 130
97 130
98 130
99 130
100 130
104 130
105 130
106 130
107 130
108 130
109 130
113 130
121 130
122 130
130 131
130 134
130 135
130 138
130 153
130 157
130 163
130 167
130 169
130 170
130 173
130 177
130 178
130 181
130 182
130 193
130 195
130 196
0 131
6 131
7 131
17 131
21 131
23 131
31 131
32 131
34 131
39 131
42 131
43 131
45 131
49 131
52 131
55 131
57 131
59 131
61 131
62 131
63 131
64 131
65 131
67 131
68 131
69 131
80 131
82 131
87 131
88 131
92 131
93 131
94 131
97 131
98 131
99 131
100 131
104 131
105 131
106 131
107 131
108 131
109 131
110 131
113 131
117 131
120 131
121 131
122 131
124 131
130 131
131 134
131 135
131 140
131 141
131 145
131 153
131 157
131 163
131 165
131 167
131 169
131 170
131 173
131 177
131 178
131 181
131 182
131 186
131 189
131 191
131 192
131 193
131 195
131 196
36 132
89 132
132 154
132 155
132 166
132 179
32 133
37 133
39 133
66 133
82 133
83 133
90 133
115 133
118 133
133 134
133 158
133 178
133 194
8 134
10 134
22 134
31 134
32 134
34 134
37 134
39 134
43 134
57 134
59 134
61 134
62 134
63 134
64 134
65 134
66 134
67 134
79 134
82 134
83 134
90 134
94 134
97 134
98 134
99 134
100 134
104 134
105 134
106 134
107 134
108 134
109 134
115 134
118 134
121 134
122 134
130 134
131 134
133 134
134 138
134 153
134 158
134 161
134 165
134 167
134 170
134 178
134 186
134 188
134 194
4 135
6 135
7 135
16 135
17 135
18 135
19 135
21 135
23 135
28 135
40 135
41 135
42 135
44 135
48 135
50 135
56 135
58 135
59 135
64 135
65 135
66 135
68 135
69 135
72 135
74 135
75 135
76 135
77 135
78 135
80 135
81 135
82 135
83 135
85 135
87 135
88 135
89 135
92 135
93 135
94 135
95 135
96 135
97 135
98 135
99 135
100 135
104 135
107 135
109 135
113 135
117 135
120 135
121 135
124 135
125 135
126 135
127 135
128 135
129 135
130 135
131 135
135 136
135 137
135 139
135 140
135 141
135 142
135 143
135 145
135 146
135 148
135 149
135 150
135 157
135 160
135 161
135 162
135 163
135 166
135 167
135 169
135 170
135 171
135 173
135 174
135 176
135 177
135 181
135 182
135 183
135 184
135 187
135 189
135 190
135 191
135 192
135 193
135 195
135 196
8 136
19 136
70 136
77 136
82 136
110 136
115 136
116 136
117 136
120 136
121 136
135 136
136 152
136 157
136 167
136 187
3 137
4 137
25 137
27 137
28 137
76 137
85 137
89 137
95 137
96 137
101 137
123 137
127 137
135 137
137 144
137 146
137 148
137 154
137 166
137 168
137 171
137 172
137 177
8 138
10 138
22 138
31 138
37 138
43 138
49 138
63 138
64 138
65 138
79 138
90 138
109 138
130 138
134 138
138 161
138 178
138 188
4 139
12 139
17 139
25 139
27 139
28 139
72 139
76 139
84 139
85 139
87 139
89 139
95 139
101 139
123 139
127 139
135 139
139 146
139 148
139 152
139 154
139 155
139 166
139 168
139 171
139 172
139 175
139 183
139 188
139 190
139 197
6 140
9 140
13 140
59 140
60 140
68 140
69 140
82 140
88 140
94 140
111 140
113 140
126 140
129 140
131 140
135 140
140 141
140 150
140 157
140 170
140 173
140 191
140 194
7 141
48 141
56 141
59 141
68 141
69 141
78 141
82 141
88 141
94 141
95 141
113 141
117 141
120 141
124 141
126 141
131 141
135 141
140 141
141 142
141 148
141 149
141 157
141 160
141 163
141 167
141 170
141 173
141 184
141 192
141 195
42 142
48 142
58 142
68 142
69 142
72 142
78 142
81 142
87 142
98 142
109 142
117 142
120 142
121 142
135 142
141 142
142 173
4 143
26 143
28 143
50 143
74 143
75 143
78 143
95 143
125 143
127 143
135 143
143 146
143 148
143 152
143 171
143 173
143 197
137 144
144 166
6 145
53 145
59 145
68 145
69 145
92 145
93 145
94 145
107 145
110 145
113 145
117 145
120 145
121 145
124 145
129 145
131 145
135 145
145 150
145 167
145 170
145 174
145 176
145 182
145 189
145 191
145 192
3 146
4 146
12 146
17 146
25 146
26 146
27 146
28 146
50 146
72 146
74 146
75 146
76 146
78 146
84 146
85 146
87 146
89 146
95 146
96 146
101 146
125 146
127 146
135 146
137 146
139 146
143 146
146 148
146 152
146 155
146 166
146 168
146 171
146 172
146 173
146 175
146 183
146 188
146 190
12 147
24 147
91 147
114 147
147 152
4 148
12 148
17 148
24 148
25 148
26 148
27 148
28 148
38 148
48 148
50 148
52 148
53 148
66 148
72 148
74 148
75 148
76 148
78 148
82 148
84 148
85 148
87 148
88 148
89 148
95 148
96 148
125 148
127 148
135 148
137 148
139 148
141 148
143 148
146 148
148 149
148 152
148 154
148 155
148 159
148 162
148 166
148 168
148 171
148 172
148 173
148 175
148 177
148 180
148 183
148 188
148 190
148 193
148 194
1 149
6 149
13 149
35 149
48 149
52 149
53 149
54 149
55 149
59 149
66 149
68 149
69 149
70 149
71 149
73 149
80 149
82 149
86 149
95 149
102 149
111 149
126 149
129 149
135 149
141 149
148 149
149 150
149 157
149 160
149 163
149 169
149 177
149 184
149 185
149 191
149 193
149 194
149 195
6 150
9 150
13 150
59 150
60 150
68 150
69 150
111 150
113 150
124 150
126 150
129 150
135 150
140 150
145 150
149 150
150 157
150 176
150 184
150 189
150 191
150 192
150 194
5 151
114 151
151 156
2 152
3 152
4 152
8 152
12 152
24 152
25 152
26 152
27 152
28 152
36 152
38 152
50 152
70 152
75 152
85 152
89 152
91 152
95 152
110 152
114 152
115 152
116 152
117 152
120 152
121 152
123 152
125 152
127 152
136 152
139 152
143 152
146 152
147 152
148 152
152 162
152 166
152 167
152 171
152 180
152 197
0 153
7 153
23 153
31 153
32 153
34 153
39 153
43 153
45 153
57 153
59 153
61 153
62 153
63 153
64 153
65 153
67 153
73 153
77 153
94 153
97 153
98 153
99 153
100 153
102 153
103 153
104 153
105 153
106 153
107 153
108 153
109 153
121 153
122 153
130 153
131 153
134 153
153 165
153 167
153 169
153 170
153 178
153 186
4 154
12 154
25 154
27 154
36 154
46 154
72 154
84 154
85 154
127 154
132 154
137 154
139 154
148 154
154 155
154 166
154 177
154 179
154 188
154 190
3 155
4 155
12 155
25 155
27 155
72 155
84 155
85 155
101 155
127 155
132 155
139 155
146 155
148 155
154 155
155 166
155 168
155 171
155 172
155 175
155 188
155 190
5 156
114 156
151 156
156 179
6 157
9 157
10 157
13 157
17 157
19 157
35 157
42 157
48 157
49 157
52 157
53 157
54 157
55 157
56 157
58 157
59 157
60 157
66 157
68 157
69 157
70 157
77 157
80 157
82 157
83 157
86 157
87 157
88 157
94 157
95 157
111 157
112 157
113 157
120 157
126 157
129 157
130 157
131 157
135 157
136 157
140 157
141 157
149 157
150 157
157 160
157 163
157 167
157 169
157 170
157 173
157 177
157 182
157 185
157 187
157 191
157 193
157 194
157 195
0 158
41 158
45 158
66 158
82 158
83 158
103 158
133 158
134 158
158 194
148 159
6 160
9 160
10 160
13 160
35 160
48 160
52 160
53 160
56 160
59 160
68 160
69 160
70 160
71 160
73 160
86 160
95 160
102 160
111 160
112 160
113 160
129 160
135 160
141 160
149 160
157 160
160 163
160 185
160 191
160 193
160 195
8 161
10 161
22 161
31 161
37 161
42 161
48 161
57 161
58 161
79 161
106 161
122 161
134 161
135 161
138 161
161 178
161 186
161 187
161 188
4 162
74 162
78 162
85 162
91 162
95 162
135 162
148 162
152 162
162 166
162 171
162 172
6 163
9 163
10 163
13 163
21 163
35 163
42 163
48 163
52 163
53 163
54 163
55 163
56 163
59 163
66 163
68 163
69 163
70 163
71 163
73 163
80 163
82 163
86 163
95 163
97 163
98 163
99 163
100 163
102 163
104 163
107 163
111 163
112 163
113 163
126 163
129 163
130 163
131 163
135 163
141 163
149 163
157 163
160 163
163 169
163 173
163 177
163 181
163 185
163 191
163 193
163 194
163 195
163 196
164 184
34 165
43 165
49 165
59 165
67 165
98 165
100 165
131 165
134 165
153 165
165 167
165 170
165 182
165 186
2 166
3 166
4 166
12 166
17 166
25 166
26 166
27 166
28 166
46 166
50 166
69 166
72 166
74 166
76 166
78 166
84 166
85 166
87 166
89 166
95 166
96 166
101 166
114 166
125 166
127 166
132 166
135 166
137 166
139 166
144 166
146 166
148 166
152 166
154 166
155 166
162 166
166 168
166 171
166 172
166 175
166 183
166 188
166 190
166 197
0 167
6 167
7 167
8 167
19 167
22 167
23 167
31 167
32 167
34 167
39 167
43 167
45 167
49 167
53 167
57 167
59 167
61 167
62 167
63 167
64 167
65 167
67 167
68 167
69 167
70 167
73 167
77 167
79 167
82 167
90 167
92 167
93 167
94 167
97 167
98 167
99 167
100 167
102 167
103 167
104 167
105 167
106 167
107 167
108 167
109 167
110 167
115 167
116 167
117 167
120 167
121 167
122 167
124 167
130 167
131 167
134 167
135 167
136 167
141 167
145 167
152 167
153 167
157 167
165 167
167 169
167 170
167 178
167 186
167 189
167 191
167 192
167 193
167 194
3 168
4 168
12 168
25 168
28 168
76 168
84 168
85 168
89 168
95 168
96 168
101 168
127 168
137 168
139 168
146 168
148 168
155 168
166 168
168 171
168 172
168 175
168 188
6 169
11 169
21 169
30 169
34 169
35 169
42 169
52 169
53 169
54 169
55 169
63 169
64 169
65 169
66 169
69 169
80 169
82 169
83 169
97 169
98 169
99 169
100 169
104 169
107 169
108 169
109 169
110 169
117 169
128 169
130 169
131 169
135 169
149 169
153 169
157 169
163 169
167 169
169 173
169 174
169 177
169 181
169 182
169 191
169 193
169 194
169 195
169 196
0 170
6 170
7 170
23 170
34 170
43 170
45 170
59 170
67 170
68 170
69 170
73 170
77 170
88 170
92 170
93 170
94 170
97 170
98 170
99 170
100 170
102 170
103 170
107 170
109 170
110 170
121 170
124 170
126 170
130 170
131 170
134 170
135 170
140 170
141 170
145 170
153 170
157 170
165 170
167 170
170 173
170 186
170 189
170 191
170 192
2 171
3 171
4 171
12 171
17 171
25 171
26 171
27 171
28 171
50 171
72 171
74 171
75 171
76 171
78 171
85 171
87 171
89 171
95 171
96 171
101 171
114 171
125 171
127 171
135 171
137 171
139 171
143 171
146 171
148 171
152 171
155 171
162 171
166 171
168 171
171 172
171 175
171 183
171 188
171 190
3 172
4 172
12 172
25 172
27 172
76 172
85 172
89 172
95 172
101 172
127 172
137 172
139 172
146 172
148 172
155 172
162 172
166 172
168 172
171 172
172 175
172 183
172 188
172 190
7 173
21 173
23 173
35 173
42 173
48 173
50 173
53 173
58 173
59 173
66 173
68 173
69 173
72 173
74 173
75 173
77 173
78 173
80 173
82 173
87 173
88 173
94 173
97 173
98 173
99 173
100 173
104 173
107 173
109 173
117 173
120 173
125 173
126 173
130 173
131 173
135 173
140 173
141 173
142 173
143 173
146 173
148 173
157 173
163 173
169 173
170 173
173 177
173 181
173 191
173 193
173 196
68 174
69 174
83 174
92 174
93 174
117 174
120 174
124 174
128 174
135 174
145 174
169 174
174 176
174 182
174 189
174 191
174 192
174 193
3 175
4 175
12 175
25 175
27 175
28 175
85 175
89 175
95 175
101 175
123 175
127 175
139 175
146 175
148 175
155 175
166 175
168 175
171 175
172 175
175 183
175 188
175 191
175 197
6 176
53 176
60 176
68 176
69 176
92 176
93 176
108 176
117 176
120 176
124 176
129 176
135 176
145 176
150 176
174 176
176 182
176 189
176 191
176 192
6 177
21 177
25 177
35 177
42 177
48 177
52 177
53 177
54 177
55 177
66 177
69 177
80 177
82 177
97 177
98 177
99 177
100 177
102 177
104 177
107 177
126 177
130 177
131 177
135 177
137 177
148 177
149 177
154 177
157 177
163 177
169 177
173 177
177 181
177 191
177 193
177 194
177 195
177 196
8 178
10 178
22 178
31 178
32 178
34 178
37 178
39 178
43 178
49 178
57 178
59 178
61 178
62 178
63 178
64 178
65 178
77 178
79 178
90 178
94 178
97 178
98 178
99 178
100 178
104 178
105 178
106 178
107 178
108 178
109 178
115 178
116 178
118 178
121 178
122 178
130 178
131 178
133 178
134 178
138 178
153 178
161 178
167 178
178 182
178 188
36 179
46 179
132 179
154 179
156 179
38 180
50 180
79 180
115 180
148 180
152 180
21 181
23 181
41 181
42 181
65 181
77 181
80 181
82 181
97 181
98 181
99 181
100 181
104 181
107 181
109 181
130 181
131 181
135 181
163 181
169 181
173 181
177 181
181 182
181 193
181 196
17 182
41 182
45 182
49 182
52 182
55 182
59 182
67 182
68 182
69 182
80 182
83 182
87 182
92 182
93 182
105 182
113 182
116 182
117 182
120 182
122 182
124 182
128 182
130 182
131 182
135 182
145 182
157 182
165 182
169 182
174 182
176 182
178 182
181 182
182 189
182 191
182 192
182 193
182 195
17 183
25 183
27 183
28 183
72 183
76 183
85 183
87 183
89 183
95 183
123 183
127 183
135 183
139 183
146 183
148 183
166 183
171 183
172 183
175 183
183 190
183 197
6 184
13 184
18 184
48 184
56 184
69 184
82 184
126 184
129 184
135 184
141 184
149 184
150 184
164 184
184 191
13 185
53 185
68 185
69 185
86 185
95 185
129 185
149 185
157 185
160 185
163 185
185 191
185 193
34 186
43 186
57 186
59 186
67 186
98 186
100 186
105 186
106 186
122 186
131 186
134 186
153 186
161 186
165 186
167 186
170 186
186 187
57 187
77 187
105 187
106 187
122 187
135 187
136 187
157 187
161 187
186 187
3 188
4 188
8 188
10 188
12 188
22 188
25 188
27 188
31 188
37 188
72 188
79 188
84 188
85 188
101 188
127 188
134 188
138 188
139 188
146 188
148 188
154 188
155 188
161 188
166 188
168 188
171 188
172 188
175 188
178 188
188 190
6 189
53 189
59 189
68 189
69 189
92 189
93 189
94 189
107 189
110 189
113 189
117 189
120 189
121 189
124 189
129 189
131 189
135 189
145 189
150 189
167 189
170 189
174 189
176 189
182 189
189 191
189 192
4 190
12 190
17 190
25 190
27 190
28 190
72 190
76 190
84 190
85 190
87 190
89 190
95 190
127 190
135 190
139 190
146 190
148 190
154 190
155 190
166 190
171 190
172 190
183 190
188 190
6 191
9 191
13 191
18 191
33 191
35 191
48 191
53 191
56 191
59 191
60 191
66 191
68 191
69 191
82 191
86 191
92 191
93 191
94 191
95 191
107 191
110 191
111 191
113 191
117 191
120 191
121 191
124 191
126 191
127 191
129 191
131 191
135 191
140 191
145 191
149 191
150 191
157 191
160 191
163 191
167 191
169 191
170 191
173 191
174 191
175 191
176 191
177 191
182 191
184 191
185 191
189 191
191 192
191 193
191 194
6 192
53 192
59 192
68 192
69 192
92 192
93 192
94 192
107 192
110 192
113 192
117 192
120 192
121 192
124 192
129 192
131 192
135 192
141 192
145 192
150 192
167 192
170 192
174 192
176 192
182 192
189 192
191 192
4 193
6 193
11 193
13 193
17 193
18 193
21 193
30 193
35 193
42 193
48 193
52 193
53 193
54 193
55 193
56 193
59 193
60 193
66 193
68 193
69 193
80 193
82 193
83 193
86 193
95 193
97 193
98 193
99 193
100 193
104 193
107 193
110 193
117 193
128 193
129 193
130 193
131 193
135 193
148 193
149 193
157 193
160 193
163 193
167 193
169 193
173 193
174 193
177 193
181 193
182 193
185 193
191 193
193 194
193 195
193 196
6 194
9 194
11 194
13 194
17 194
18 194
30 194
35 194
48 194
52 194
53 194
54 194
55 194
56 194
59 194
60 194
66 194
68 194
69 194
70 194
80 194
82 194
83 194
86 194
110 194
111 194
113 194
126 194
128 194
129 194
133 194
134 194
140 194
148 194
149 194
150 194
157 194
158 194
163 194
167 194
169 194
177 194
191 194
193 194
194 195
194 196
4 195
6 195
9 195
10 195
11 195
17 195
18 195
30 195
35 195
48 195
49 195
51 195
52 195
53 195
54 195
55 195
56 195
59 195
60 195
66 195
70 195
80 195
82 195
87 195
88 195
110 195
111 195
112 195
113 195
120 195
128 195
130 195
131 195
135 195
141 195
149 195
157 195
160 195
163 195
169 195
177 195
182 195
193 195
194 195
195 196
4 196
6 196
11 196
17 196
18 196
21 196
30 196
35 196
42 196
52 196
53 196
54 196
55 196
56 196
59 196
60 196
80 196
82 196
97 196
98 196
99 196
100 196
104 196
107 196
128 196
130 196
131 196
135 196
163 196
169 196
173 196
177 196
181 196
193 196
194 196
195 196
25 197
27 197
28 197
74 197
85 197
89 197
95 197
123 197
139 197
143 197
152 197
166 197
175 197
183 197
